0 0.509375 0.12734375 0.0375 0.0765625
0 0.50390625 0.22890625 0.0484375 0.0671875
0 0.4240944675098838 0.38775713445846494 0.1004545179539809 0.07870678298109546
0 0.3891700216664141 0.3477088513791735 0.11615224082661797 0.09129768657189166
0 0.42578125 0.6078125 0.1078125 0.059375
0 0.24329794370217037 0.5773367431643088 0.1256272347764938 0.10853972872636941
0 0.46417859114464655 0.480962233794535 0.11301815046753809 0.08971700585373252
0 0.13203125 0.0296875 0.2640625 0.059375
0 0.4548642411212054 0.06761280610143786 0.11304542154477701 0.09440450585373247
0 0.4512392713718264 0.1535321253832786 0.13493860226293625 0.09765677088084716
0 0.27778761495236 0.2892463907049808 0.1428056444174139 0.10707722267624523
0 0.7671875 0.4 0.4625 0.475
0 0.69921875 0.17890625 0.3390625 0.1484375
0 0.28828125 0.971875 0.3171875 0.053125
0 0.88984375 0.796875 0.2171875 0.290625