0 0.39765625 0.04375 0.0828125 0.0875
0 0.36001937373295867 0.0718430160725421 0.09443177693097127 0.11827838001272672
0 0.46484375 0.025 0.0453125 0.05
0 0.04296875 0.34140625 0.0859375 0.2515625
0 0.0765625 0.0390625 0.096875 0.078125
0 0.1625 0.04375 0.103125 0.0875
0 0.3070074823406067 0.1860776913987697 0.10864881303532492 0.1450045120146357
0 0.9191029613615637 0.33386230541849604 0.06439884328594588 0.0585579346753633
0 0.7284370547457055 0.3386754327259518 0.16687946955298721 0.21755222135581712
0 0.3812312984009936 0.4917838934197688 0.03303066861791084 0.03788180800445433
0 0.22578125 0.521875 0.0953125 0.10625
0 0.0203125 0.534375 0.040625 0.13125
0 0.44140625 0.5421875 0.0921875 0.13125