0 0.9338271167990715 0.4198644680008631 0.04713862041330898 0.04558521077238851
0 0.6655947463857628 0.3761109645830175 0.08184996369925486 0.10359769867214012
0 0.4390625 0.36171875 0.078125 0.1140625
0 0.7263686199223296 0.34763144057891243 0.0818863251355733 0.10984769867214013
0 0.807086833916172 0.2557524919067723 0.07863406010845857 0.0879545179539809
0 0.6241197978118185 0.2302535639190876 0.12275676483072288 0.1522715480082102
0 0.5224709394005621 0.21600068725926275 0.08815450585373244 0.11300906010845857
0 0.41171875 0.1796875 0.0234375 0.1
0 0.7971800479100143 0.16440078406125003 0.08345791549465283 0.11141928903121974
0 0.875 0.43046875 0.075 0.0734375
0 0.83515625 0.69765625 0.30859375 0.18046875