0 0.6015625 0.30234375 0.071875 0.2046875
0 0.5484375 0.24375 0.1390625 0.1765625
0 0.5890625 0.44140625 0.096875 0.1140625
0 0.4625 0.46015625 0.13125 0.0765625
0 0.35625 0.2515625 0.153125 0.1734375
0 0.271875 0.3125 0.128125 0.159375
0 0.2125 0.46015625 0.109375 0.0765625
0 0.1359375 0.46953125 0.096875 0.0578125
0 0.09375 0.2625 0.140625 0.1578125
0 0.05546875 0.4734375 0.0921875 0.05
0 0.86796875 0.21484375 0.2609375 0.3296875
0 0.33671875 0.90078125 0.2203125 0.1953125
0 0.73125 0.78515625 0.184375 0.3328125