0 0.228125 0.36565588924254966 0.16875 0.12696358402290803
0 0.14609375 0.12754790925368548 0.1234375 0.10612382535009016
0 0.0671875 0.03125 0.10625 0.0625
0 0.72265625 0.171875 0.3140625 0.11328125
0 0.0421875 0.88125 0.084375 0.234375
0 0.78046875 0.5301280165897763 0.0296875 0.02065794533736347
0 0.77421875 0.598950741923958 0.021875 0.01900453866963625
0 0.74765625 0.8023848245942306 0.028125 0.025327264003817972
0 0.75 0.6507950525939125 0.0203125 0.018986357336090796
0 0.74296875 0.7040018685948669 0.0359375 0.025418170671545236
0 0.71171875 0.5113967452657758 0.0515625 0.039662484006999676
0 0.6875 0.453125 0.0625 0.046875
0 0.6234375 0.91171875 0.3875 0.1734375
0 0.6125 0.43671875 0.125 0.0140625