0 0.62109375 0.059375 0.0921875 0.11875
0 0.22441074868713545 0.1451359459341394 0.09193405601527208 0.11355451734563582
0 0.37711812535804434 0.17461326591345855 0.10296246268299925 0.1214942866804539
0 0.0390625 0.2046875 0.078125 0.11875
0 0.5493551100015909 0.00716432594686608 0.058085220003181705 0.01432865189373216
0 0.640625 0.24921875 0.053125 0.1390625
0 0.26434704738222503 0.3540745939290487 0.10303518801718106 0.1277442866804539
0 0.32435839405631556 0.4080712032543218 0.12029541335136287 0.13419428134945388
0 0.0140625 0.05546875 0.028125 0.0921875
0 0.21776021200668155 0.0451381353039559 0.09482269867918128 0.0902762706079118
0 0.3825585086728179 0.0418216839592746 0.09011701734563574 0.0836433679185492
0 0.1363049580680878 0.4969898946133206 0.11698860001590834 0.11853291868236297
0 0.4770806680060452 0.04049499395291126 0.09166133601209037 0.08098998790582251
0 0.29375 0.871875 0.3671875 0.1515625
0 0.90390625 0.690625 0.1890625 0.2625