0 0.02890625 0.41015625 0.0578125 0.0921875
0 0.01953125 0.16953125 0.0390625 0.0546875
0 0.0359375 0.1234375 0.071875 0.09375
0 0.0984375 0.5515625 0.11875 0.0125
0 0.1006160608940255 0.4321055355151783 0.09890110831306043 0.08026019262201593
0 0.1231592022863774 0.31738905054229294 0.1900533491396784 0.17141243344863372
0 0.19022346155795544 0.4732532311622563 0.13183178298109546 0.10076359016268785
0 0.2598017259958949 0.06270661660267988 0.15539654800821018 0.12277494554888216
0 0.775 0.27578125 0.3859375 0.16484375
0 0.26484375 0.71015625 0.2046875 0.3015625
0 0.54453125 0.7140625 0.3515625 0.309375