0 0.4154426719375605 0.10536160646634878 0.10205337939029935 0.08496587334017516
0 0.39530184699837906 0.3445331907753042 0.059665891490547907 0.050345433645025396
0 0.3833194765850701 0.3899138684684013 0.10517837939029935 0.08498405405833438
0 0.3202937984009937 0.07779111837020544 0.09417724687674216 0.0739829215447771
0 0.2899472473677213 0.19124508519271818 0.18061471662612102 0.16042039129415606
0 0.23359375 0.0390625 0.1265625 0.078125
0 0.47277390378718787 0.05346730835994273 0.04398634933607006 0.040879530054229285
0 0.13515625 0.43984375 0.1484375 0.1171875
0 0.4671910034178456 0.20740082943718158 0.048655668617910666 0.03778180113146821
0 0.453637042645457 0.2543530974893583 0.08791815651766247 0.07238406010845858
0 0.8078125 0.08125 0.38125 0.1625
0 0.459375 0.73359375 0.253125 0.121875
0 0.89921875 0.6984375 0.1984375 0.26875