0 0.29981767193756054 0.1692339947087708 0.10205337939029935 0.0855567866804539
0 0.317176846998379 0.4085146707113161 0.059665891490547726 0.05069089067472703
0 0.3286319765850701 0.45396353071290696 0.10517837939029935 0.08559314934754489
0 0.3850971626659825 0.01474703672022481 0.11418067466803503 0.021639737348817467
0 0.3952937984009937 0.14221805605504292 0.09417724687674216 0.07452838001272669
0 0.41015625 0.25625 0.1546875 0.1625
0 0.453125 0.096875 0.06875 0.09375
0 0.2430864037871879 0.11700787603436205 0.04398634933607006 0.041134077339272455
0 0.24687850341784556 0.27096867003499836 0.04865566861791084 0.038063621339908774
0 0.25988704264545703 0.3179982113701347 0.08791815651766247 0.07289315467854492
0 0.6989631781840765 0.315782825389861 0.19300563231716553 0.1428613040260897
0 0.8111354043763631 0.744879432049634 0.3265817224798535 0.2756567173774524