0 0.3671875 0.35 0.1625 0.1875
0 0.218958036497137 0.18839682026379942 0.14939198770335976 0.16492608411256365
0 0.6546875 0.5 0.30625 0.25625
0 0.0859375 0.79921875 0.171875 0.3390625
0 0.8334018106976337 0.9146275221573934 0.022056807181592218 0.031377265027114645
0 0.7653876089022357 0.9228354527773568 0.020448855386194252 0.023555674668035032
0 0.5636251210024842 0.9583831090986275 0.026735216822512696 0.029842036104353476
0 0.7152330727978822 0.9496888442679046 0.020439765027114733 0.02199317466803503
0 0.6620580758229443 0.9585916664766115 0.02678066861791084 0.03765453610435347
0 0.85546875 0.9765625 0.0421875 0.04375
0 0.92265625 0.98515625 0.0640625 0.0265625