0 0.3180698420194082 0.061829254203412475 0.029996582670272432 0.02673521682251274
0 0.317979482694135 0.12120879938295229 0.031577264003817974 0.028306807181592352
0 0.3296875 0.4328125 0.03125 0.009375
0 0.3116925726845901 0.050928115639730945 0.02999658267027261 0.02673521682251274
0 0.30972263470718 0.21735709153742996 0.03155908267027243 0.026744307181592396
0 0.3133208967218156 0.3251559559988106 0.03155908267027243 0.02674430718159222
0 0.29971019334818116 0.02834004333282807 0.029996582670272432 0.02673521682251274
0 0.30817941072563365 0.35331277225558927 0.02999658267027261 0.026735216822512696
0 0.3648999360279987 0.12484233861056375 0.01749658267027243 0.02666249394987581
0 0.2816238120225899 0.08548037764178348 0.031540901336727066 0.025181807181592353
0 0.28832944004613426 0.2588906065645446 0.030014764003817973 0.028297716822512697
0 0.2738471273472266 0.02145878425764177 0.025290901336727244 0.025145445745273887
0 0.2639914166931806 0.11449116677119908 0.03312158267027243 0.026753397540671964
0 0.3716328360518613 0.30059631753332494 0.020548857336090975 0.020430674668035033
0 0.2478397053628168 0.13646161554153508 0.033139764003817976 0.02831589754067192
0 0.37350496606458794 0.39434177235378504 0.02530908267027243 0.026707945745273777
0 0.23358575401813556 0.05294513359371185 0.03470226400381797 0.02832498789975162
0 0.2515625 0.4296875 0.0375 0.015625
0 0.24734190806013362 0.36226104625969435 0.03315794533736351 0.0298783975406721
0 0.22264080537872522 0.2538036516458886 0.03786362667090888 0.03146816861791084
0 0.36278400003977074 0.211579269328723 0.031540901336727246 0.025181807181592398
0 0.22218791406745142 0.4163172871845081 0.039389764003817974 0.028352258976990542
0 0.1758828893618623 0.12984852205919747 0.04098862667090888 0.031486349336070064
0 0.1774822993714073 0.20015647687965768 0.03940794533736351 0.029914758976990453
0 0.18520553473104248 0.393874660622879 0.03470226400381797 0.02832498789975162
0 0.16384760805217943 0.30414908529091406 0.0426602146721816 0.040870439695149675
0 0.1431982060391345 0.2081689647794093 0.04100680800445424 0.033048849336070066
0 0.13466863804899773 0.280879756933887 0.042605670671545325 0.03618293969514967
0 0.13476063940163324 0.42307634729296667 0.031577264003817974 0.02830680718159222
0 0.13069021005727013 0.34184452801112586 0.034793170671545325 0.036137487899751616
0 0.12391240404199806 0.2293763442679045 0.04732953333863606 0.03933521077238851
0 0.11379142202418073 0.0981763412428424 0.04104317067154532 0.03617384933607006
0 0.11295617536599849 0.160685431601922 0.0520352146721816 0.04092498184962743
0 0.0973573526814084 0.02873599483363858 0.0426602146721816 0.040870439695149675
0 0.0853664300206809 0.0725587177062755 0.05045453333863605 0.03935339149054777
0 0.08684930338954286 0.3342865580653552 0.036282945337363516 0.02989657825883114
0 0.059312460017499194 0.049271208631089206 0.0520352146721816 0.04092498184962738
0 0.07126121339908789 0.404694506835691 0.039426126670908876 0.03147725897699054
0 0.0650373907144978 0.27269052791292997 0.033139764003817976 0.02831589754067192
0 0.3493856660566337 0.33588437773997937 0.028415901336727244 0.025163626463433175
0 0.01953125 0.17421875 0.0390625 0.0328125
0 0.0109375 0.04453125 0.021875 0.0359375
0 0.3509487133990879 0.40306733256043953 0.028415901336727244 0.025163626463433175
0 0.01484375 0.31484375 0.0296875 0.0359375
0 0.00625 0.07109375 0.0125 0.0359375
0 0.33824707670272575 0.18437641989445702 0.029996582670272432 0.026735216822512696
0 0.3419186113939972 0.3656173295353774 0.029996582670272432 0.026735216822512696
0 0.3378118193825431 0.2812605102535367 0.023710220003181702 0.023573855386194255
0 0.3269726746896808 0.0883417572284746 0.025272720003181703 0.023582945745273864
0 0.3311891020448616 0.24926562168985517 0.01900453866963616 0.02198408430895533
0 0.69296875 0.14921875 0.459375 0.11328125
0 0.09453125 0.66328125 0.1890625 0.1796875
0 0.9015625 0.58828125 0.19375 0.1453125