0 0.23263329722264325 0.36244907324159514 0.025172716822512698 0.029978401336727245
0 0.0109375 0.34765625 0.021875 0.0328125
0 0.11614068881138691 0.3489598325907307 0.026744307181592396 0.03155908267027243
0 0.14423387255460823 0.34316381858691275 0.026735216822512696 0.02999658267027261
0 0.25204182737506836 0.34112805657227707 0.026735216822512696 0.02999658267027261
0 0.0495935382456528 0.32551378926641217 0.028297716822512697 0.030014764003817973
0 0.2855401286047325 0.32433090790104996 0.025163626463433175 0.028415901336727244
0 0.09303498691779293 0.4062638025939124 0.02198408430895533 0.01900453866963616
0 0.18678044173825317 0.4043916725811858 0.028243174668035033 0.02063976400381797
0 0.22749127926866244 0.28437861724223146 0.02989657825883114 0.036282945337363516
0 0.15247309855050312 0.2821263212524128 0.029878397540671918 0.03315794533736351
0 0.04374299316430887 0.25995242393382123 0.03146816861791084 0.03786362667090888
0 0.00859375 0.40078125 0.0171875 0.0328125
0 0.30550264978016717 0.26393830056495926 0.028306807181592397 0.031577264003817974
0 0.2062293576256895 0.255717815245095 0.028352258976990542 0.039389764003817974
0 0.337488447984769 0.2557530832272776 0.02832498789975162 0.03470226400381797
0 0.2498975443939729 0.2411462379058225 0.03144998789975162 0.03473862667090888
0 0.32876288777811463 0.23319683056177762 0.02989657825883114 0.036282945337363516
0 0.411566297419035 0.23067071988386897 0.033030668617910666 0.03788180800445442
0 0.2881015263417961 0.22741954523395905 0.02989657825883114 0.036282945337363516
0 0.18335948418731843 0.21926269458150394 0.02832498789975162 0.03470226400381797
0 0.09339755951928339 0.199995621260367 0.040870439695149585 0.0426602146721816
0 0.00703125 0.18203125 0.0140625 0.0421875
0 0.06979188787631045 0.1713620912635486 0.03618293969514959 0.042605670671545325
0 0.42062313485124836 0.17587413188259635 0.03616475897699054 0.03948067067154533
0 0.21197029751723084 0.1681450899109132 0.028306807181592397 0.031577264003817974
0 0.13070211679907162 0.1659655192552764 0.036137487899751616 0.034793170671545325
0 0.01953125 0.16171875 0.0390625 0.0484375
0 0.38386347823538997 0.16927014322091427 0.033039758976990186 0.03944430800445424
0 0.29312939392643467 0.15157466056655 0.03617384933607006 0.04104317067154532
0 0.12263508674484233 0.12230642592300352 0.02989657825883114 0.036282945337363426
0 0.26631236387220536 0.10813374323682261 0.029851126463433176 0.028470445337363516
0 0.19285213797450637 0.10508201591345853 0.03147725897699054 0.039426126670908876
0 0.060793616897267456 0.10193083859804863 0.028315897540672097 0.033139764003817976
0 0.41953125 0.1046875 0.0359375 0.046875
0 0.12728726707021815 0.3847700632559127 0.025163626463433175 0.028415901336727067
0 0.27460158684303815 0.05568999590232267 0.01886817466803503 0.020530676002545344
0 0.1944793122497579 0.38476951591345854 0.025163626463433175 0.028415901336727067
0 0.10265386397040129 0.045189942592321584 0.03460225897699054 0.039462489337999784
0 0.2674476169954634 0.03467806190327716 0.031486349336070064 0.04098862667090888
0 0.4328125 0.03671875 0.009375 0.0453125
0 0.08671875 0.0171875 0.0359375 0.034375
0 0.29453125 0.01328125 0.0390625 0.0265625
0 0.184375 0.00703125 0.0375 0.0140625
0 0.3953125 0.00703125 0.0375 0.0140625
0 0.15692931527481999 0.37661211791854915 0.026735216822512696 0.029996582670272432
0 0.07253613455666078 0.37446890993000326 0.023573855386194255 0.023710220003181702
0 0.040468523120342326 0.3685916272676849 0.02198408430895533 0.01900453866963616
0 0.9 0.33203125 0.140625 0.1703125
0 0.7578125 0.85859375 0.240625 0.2796875