0 0.08276198214421497 0.11148648648648649 0.029842036104353476 0.038288288288288286
0 0.08319779849918954 0.19707207207207209 0.031413626463433174 0.04054054054054054
0 0.08907561465777229 0.09572072072072071 0.029842036104353476 0.038288288288288286
0 0.10092617486442679 0.06306306306306306 0.029842036104353476 0.038288288288288286
0 0.03551427742195066 0.20382882882882883 0.018895445745273864 0.036036036036036036
0 0.04140625 0.012387387387387387 0.0203125 0.024774774774774775
0 0.11934437675802072 0.14527027027027026 0.031395445745273864 0.036036036036036036
0 0.12674833148028503 0.05292792792792793 0.025145445745273866 0.036036036036036036
0 0.1371449551150478 0.18693693693693694 0.032967036104353475 0.038288288288288286
0 0.15342394008793314 0.21846846846846846 0.032976126463433085 0.04054054054054054
0 0.1671915242986927 0.09797297297297297 0.034538626463433086 0.04054054054054054
0 0.19140625 0.01463963963963964 0.0390625 0.02927927927927928
0 0.2253398467037914 0.20833333333333334 0.040806807181592394 0.04504504504504504
0 0.28724494906492365 0.16216216216216217 0.04083407825883114 0.0518018018018018
0 0.2890625 0.23536036036036037 0.053125 0.024774774774774775
0 0.30327447004396657 0.061936936936936936 0.04242384933607006 0.05855855855855856
0 0.3155199399897374 0.125 0.05022725897699054 0.05630630630630631
0 0.3414375453759315 0.09121621621621621 0.05179884933607006 0.05855855855855856
0 0.39927731645317033 0.08445945945945946 0.03926248789975162 0.04954954954954955
0 0.4108460755283567 0.12162162162162163 0.04238748789975162 0.04954954954954955
0 0.07401369603986149 0.14977477477477477 0.025136355386194253 0.033783783783783786
0 0.58671875 0.14527027027027026 0.1953125 0.20495495495495494
0 0.6790052021881816 0.5990990990990991 0.22749880698520056 0.23198198198198197