0 0.3694287943939729 0.38340531411547935 0.12282039734428025 0.16320904800821018
0 0.2758237192583996 0.2745711904807166 0.12746244554888228 0.1554238190854491
0 0.04453125 0.328125 0.0890625 0.1625
0 0.746875 0.36484375 0.328125 0.3859375
0 0.2296875 0.8703125 0.284375 0.25625
0 0.65546875 0.8265625 0.2328125 0.315625
0 0.89296875 0.76484375 0.2109375 0.2140625
0 0.54609375 0.771875 0.0140625 0.0875
0 0.9828125 0.721875 0.03125 0.0875
0 0.7879055627407372 0.7342905823640479 0.03303975897699054 0.03925339754067192
0 0.7371334030998169 0.7361485190341355 0.050454517953980905 0.07841589149054773