0 0.19921875 0.5203125 0.0125 0.07578125
0 0.2484375 0.50859375 0.0140625 0.1015625
0 0.02265625 0.4578125 0.03203125 0.17421875
0 0.1671875 0.459375 0.009375 0.06484375
0 0.0890625 0.4421875 0.0171875 0.090625
0 0.2234375 0.4546875 0.046875 0.2765625
0 0.12890625 0.428125 0.06328125 0.39296875
0 0.19609375 0.41875 0.01640625 0.10234375
0 0.05625 0.35390625 0.04296875 0.2765625
0 0.46640625 0.5125 0.10234375 0.1890625
0 0.64765625 0.421875 0.078125 0.140625
0 0.73984375 0.33203125 0.08515625 0.11953125
0 0.8578125 0.32421875 0.0453125 0.078125
0 0.79765625 0.271875 0.0515625 0.07890625
0 0.9015625 0.23828125 0.03828125 0.06796875
0 0.07421875 0.740625 0.1484375 0.203125
0 0.54453125 0.79296875 0.3359375 0.11640625