0 0.38029329061904765 0.28760634594862133 0.03155908267027261 0.02682814513513971
0 0.3677200179424117 0.36134244896364043 0.09296929734245421 0.06793613159693793
0 0.38125 0.19984326018808776 0.09375 0.07993730407523511
0 0.4046875 0.08934169278996865 0.046875 0.07523510971786834
0 0.3953125 0.008620689655172414 0.040625 0.017241379310344827
0 0.5666131459659561 0.18305117417033487 0.2383374360279987 0.20827349890510066
0 0.23125 0.6716300940438872 0.39375 0.35893416927899685
0 0.7211433679185493 0.7202624174456802 0.13530224801081764 0.08072152564849863
0 0.72734375 0.5039184952978056 0.1453125 0.048589341692789965
0 0.70390625 0.9764890282131662 0.2390625 0.0438871473354232
0 0.6436712538988228 0.8664727070159487 0.21124767735518085 0.16266393290700315
0 0.6381501492680031 0.6016325785895542 0.20187267735518083 0.1626092197739848