0 0.19448736084714327 0.3563452854073602 0.14796584308955402 0.18920904535327185
0 0.96484375 0.58046875 0.0671875 0.0546875
0 0.8001475292686624 0.5113225920591791 0.08341246369925485 0.10408861067790856
0 0.8358623154712117 0.4734595127307243 0.09757495764913049 0.12143974267981754
0 0.48984375 0.44375 0.0203125 0.121875
0 0.5682389991162372 0.5297164140276805 0.08810905405833439 0.10570565467854501
0 0.5929521319243822 0.3464226560311804 0.11482609016268785 0.13257723734881743
0 0.7109375 0.55390625 0.096875 0.1078125
0 0.8836225837197802 0.35761688407063313 0.11335449375348397 0.14818405601527207
0 0.3953125 0.88828125 0.165625 0.2203125
0 0.20534304761542668 0.77373278007636 0.2279896863754999 0.2479487933640895
0 0.7734375 0.71640625 0.28125 0.2140625