0 0.18778880796715924 0.4447434052355499 0.06289088544042354 0.06791475334181776
0 0.14854151824856848 0.07413146057450423 0.0674693011314682 0.049219297342454116
0 0.128125 0.0421875 0.121875 0.084375
0 0.12822395218818147 0.2095149772438223 0.08164997579950324 0.0696954293443632
0 0.14363428698811626 0.5147837325748224 0.06592498184962743 0.052326116008908664
0 0.13266549161218472 0.38601384257641325 0.06757838544042354 0.0679692973424542
0 0.11131773243880261 0.2956433812460495 0.18044199980360814 0.13177835335772609
0 0.08869836475596812 0.15529110124923115 0.08631929508134384 0.06662497334499946
0 0.07435756704234553 0.47184280191759476 0.08791815651766229 0.072893154678545
0 0.28931040135130104 0.45059286855509606 0.05346134328594587 0.05843066534054522
0 0.04296875 0.1078125 0.0859375 0.1125
0 0.0671875 0.55390625 0.134375 0.0890625
0 0.03515625 0.4171875 0.0703125 0.121875
0 0.2815064708295335 0.5834871845560505 0.08453862646343317 0.02910679201145392
0 0.22890625 0.04296875 0.0984375 0.0859375
0 0.2466285185431561 0.2675081958943685 0.11785109621281223 0.11542610001590833
0 0.23094040691044587 0.14426159989659565 0.1162522347764936 0.10915791868236288
0 0.26148940749962113 0.5329422918921413 0.11617042154477701 0.09509541868236297
0 0.23323311817381373 0.421559896562732 0.07703519867214012 0.08214088534372692
0 0.21344785900043153 0.33117125389882285 0.07224770472226431 0.06489884134309047
0 0.8124898678792262 0.2500308892425497 0.20102721057599685 0.1788897106938169
0 0.8071018893492484 0.5047638425764133 0.16476245764913067 0.12222154002227174
0 0.8015625 0.578125 0.1875 0.040625
0 0.1234375 0.84375 0.246875 0.309375
0 0.709375 0.975 0.2 0.046875