0 0.02734375 0.12265625 0.0546875 0.0703125
0 0.1390625 0.1265625 0.0453125 0.0640625
0 0.0921875 0.14296875 0.0984375 0.1140625
0 0.271875 0.16015625 0.0640625 0.078125
0 0.35546875 0.184375 0.11875 0.171875
0 0.03046875 0.1875 0.0609375 0.059375
0 0.21328125 0.19296875 0.0609375 0.0828125
0 0.02109375 0.0171875 0.0421875 0.034375
0 0.15703125 0.2609375 0.1 0.13125
0 0.02734375 0.309375 0.0546875 0.11875
0 0.19140625 0.38515625 0.1296875 0.19375
0 0.37421875 0.47265625 0.075 0.0796875
0 0.08671875 0.46484375 0.1296875 0.1453125
0 0.10859375 0.04453125 0.0984375 0.0890625
0 0.3421875 0.0515625 0.109375 0.103125
0 0.21953125 0.053125 0.1015625 0.10625
0 0.0171875 0.0609375 0.034375 0.10625
0 0.39453125 0.08671875 0.0453125 0.0703125
0 0.796875 0.2828125 0.253125 0.3671875
0 0.26953125 0.55 0.0515625 0.021875
0 0.36953125 0.55234375 0.0390625 0.0265625
0 0.21015625 0.559375 0.0453125 0.040625
0 0.65625 0.7734375 0.29375 0.14453125