0 0.63984375 0.084375 0.0359375 0.06875
0 0.6359375 0.2609375 0.04375 0.065625
0 0.60234375 0.16796875 0.1109375 0.1234375
0 0.621875 0.02890625 0.071875 0.0578125
0 0.57890625 0.315625 0.0859375 0.025
0 0.54140625 0.2734375 0.0734375 0.109375
0 0.43671875 0.03359375 0.1984375 0.0671875
0 0.428125 0.2640625 0.209375 0.128125
0 0.34745327956325 0.17939817115199358 0.0816954275949013 0.07703519867214012
0 0.21015625 0.26640625 0.0921875 0.1234375
0 0.8843391594445287 0.0476543092246958 0.07375566256778665 0.055114746876742074
0 0.88203125 0.01015625 0.0734375 0.0203125
0 0.8719351290957118 0.19835829117251907 0.0439227168225127 0.029942030054229286
0 0.8542703852440319 0.11622704722264325 0.04547612646343317 0.028388620413308984
0 0.81171875 0.31875 0.0484375 0.01875
0 0.92734375 0.28828125 0.1046875 0.0796875
0 0.9163572947867564 0.1798673664062882 0.08791815651766247 0.07238406010845858