0 0.01484375 0.04765625 0.0296875 0.0671875
0 0.04609375 0.06171875 0.0921875 0.1140625
0 0.22890625 0.07265625 0.1296875 0.1453125
0 0.046875 0.340625 0.0875 0.053125
0 0.340625 0.04921875 0.075 0.0984375
0 0.29921875 0.56953125 0.1578125 0.2921875
0 0.8412795058537326 0.478125 0.04092498184962743 0.0515625
0 0.9921875 0.48828125 0.0125 0.0609375
0 0.6001050600102628 0.51796875 0.05506020472226432 0.0640625
0 0.9140948371376257 0.50546875 0.040888620413308985 0.0453125
0 0.5494919816532357 0.546875 0.06292724687674198 0.0734375
0 0.6924016443192181 0.53671875 0.04563066256778665 0.0546875