0 0.17109375 0.36171875 0.1671875 0.1109375
0 0.19140625 0.08730351551809398 0.153125 0.12745335518980258
0 0.12578125 0.24315406059943792 0.1875 0.1604658430895542
0 0.83125 0.09388427186280576 0.121875 0.08977154800821019
0 0.70859375 0.409375 0.1296875 0.015625
0 0.71953125 0.34219048253699846 0.1453125 0.11022040339440445
0 0.7390625 0.19442060304850323 0.1109375 0.08345791549465283
0 0.12265625 0.95390625 0.2453125 0.0890625
0 0.19453125 0.7107501058771736 0.178125 0.14947380093507637
0 0.16328125 0.5164006630587659 0.153125 0.13839085518980254
0 0.94921875 0.58828125 0.0984375 0.2390625
0 0.59375 0.51875 0.228125 0.2