0 0.32995722823539014 0.4311662459929792 0.07531816256778648 0.055123837235821684
0 0.3247884600850175 0.48269692973620054 0.0721568011314682 0.048855656517662285
0 0.3290754634046672 0.27960374599297927 0.0439227168225127 0.029942030054229286
0 0.3053203217177277 0.3591503454272452 0.04547612646343317 0.028388620413308984
0 0.2765625 0.53203125 0.04375 0.0109375
0 0.2790567618056608 0.1418173996819713 0.04710225897699054 0.03933521077238851
0 0.28467043667008757 0.03247876111828977 0.05022725897699036 0.03935339149054777
0 0.3910754936552882 0.19402986035616396 0.10516928903121965 0.08342155405833437
0 0.37217147843178183 0.3017287308676687 0.08792724687674199 0.07394656010845857
0 0.66015625 0.31171875 0.1828125 0.2640625
0 0.74296875 0.7609375 0.3484375 0.278125