0 0.16796875 0.15625 0.0390625 0.065625
0 0.16796875 0.096875 0.03828125 0.05859375
0 0.178125 0.33125 0.02265625 0.03671875
0 0.18515625 0.2359375 0.0234375 0.034375
0 0.18984375 0.02578125 0.0203125 0.03125
0 0.2125 0.48203125 0.025 0.04765625
0 0.21640625 0.6078125 0.0265625 0.0453125
0 0.1515625 0.43828125 0.0546875 0.0984375
0 0.1546875 0.3109375 0.04609375 0.0875
0 0.915625 0.6390625 0.0375 0.01875
0 0.8975169120768072 0.38137882766965603 0.10667724687674199 0.074055644417414
0 0.56171875 0.7296875 0.0859375 0.153125