0 0.14958566072563367 0.3953125 0.07407384667409059 0.0546875
0 0.15175723539940603 0.44765625 0.07243862133990878 0.0484375
0 0.16111241203849822 0.24453125 0.044095445337363426 0.0296875
0 0.1792544320496341 0.3265625 0.04563976400381797 0.028125
0 0.196875 0.50703125 0.040625 0.0203125
0 0.22051358935390813 0.1125 0.04732953333863606 0.0390625
0 0.22265625 0.01171875 0.0515625 0.0234375
0 0.10536130402608972 0.153125 0.1040704293443632 0.08125
0 0.11679933804104356 0.26328125 0.08833634134309047 0.071875
0 0.8703125 0.33125 0.25625 0.265625
0 0.303125 0.84765625 0.534375 0.3015625
0 0.853125 0.95859375 0.234375 0.0796875