0 0.16875 0.14921875 0.3375 0.2984375
0 0.5375 0.009375 0.06875 0.01875
0 0.6007052406110935 0.33926807484098565 0.1262545120146356 0.10853972872636941
0 0.03671875 0.82265625 0.0734375 0.2671875
0 0.44110352128422947 0.743024333916172 0.04736589600572696 0.042460210772388506
0 0.4776120912635487 0.8955907977136226 0.07409202800763595 0.056677246876741985
0 0.47499726328772934 0.7174385266363836 0.0647715720082724 0.06131020472226432
0 0.47207280529918344 0.6330408007386847 0.08203179734245411 0.06766019867214013
0 0.4809478186266837 0.6760640928931624 0.06142839600572696 0.042542024004105096
0 0.47453582865213695 0.4885140959182245 0.07423747867599957 0.06917724687674202
0 0.471875 0.43046875 0.065625 0.0234375
0 0.5028768152848658 0.7386959030998168 0.08510225334181776 0.06299087939029935
0 0.559375 0.98515625 0.121875 0.0265625
0 0.5521677432765936 0.7999242945903646 0.10572383601209037 0.08967155405833438
0 0.5765490305935943 0.9203867855151783 0.12781701201463563 0.10854881908544911