0 0.26796875 0.53515625 0.01953125 0.05859375
0 0.17890625 0.52109375 0.01171875 0.03203125
0 0.2078125 0.5234375 0.01171875 0.0265625
0 0.00390625 0.503125 0.00546875 0.01328125
0 0.1234375 0.5078125 0.00390625 0.01640625
0 0.3 0.51875 0.0046875 0.01328125
0 0.31484375 0.51875 0.01953125 0.0484375
0 0.15234375 0.50625 0.02265625 0.06328125
0 0.0875 0.5 0.003125 0.01015625
0 0.06796875 0.496875 0.00703125 0.021875
0 0.0796875 0.49765625 0.003125 0.00703125
0 0.2875 0.51015625 0.00390625 0.01171875
0 0.1171875 0.4953125 0.0109375 0.03046875
0 0.228125 0.49921875 0.00625 0.025
0 0.3359375 0.496875 0.01484375 0.05703125
0 0.20390625 0.384375 0.02109375 0.0484375
0 0.40078125 0.62890625 0.040625 0.1203125
0 0.65703125 0.3015625 0.140625 0.31328125
0 0.60625 0.875 0.275 0.246875