0 0.45078125 0.0453125 0.0140625 0.028125
0 0.44453125 0.16875 0.0265625 0.021875
0 0.4395488342107596 0.025615540013178385 0.02198408430895533 0.01887726502711464
0 0.42977542105379773 0.36005871770627557 0.04395907825883114 0.03619203005422929
0 0.41328125 0.11796875 0.0890625 0.0703125
0 0.40219427995603346 0.0508337086310892 0.07379202400410509 0.061364746876742024
0 0.3958316922292324 0.3000979104264873 0.0722386143631848 0.06291815651766246
0 0.38547597521032795 0.4001615429400447 0.07691702400410509 0.0613829275949012
0 0.32406980083688053 0.18566777176460988 0.12244769262201594 0.09914654800821018
0 0.7409997882456528 0.12803305464750955 0.28098742134838534 0.2250646742752515
0 0.37421875 0.74453125 0.1671875 0.1921875
0 0.9265625 0.63828125 0.14375 0.2296875