0 0.48496587334017516 0.046875 0.029842036104353476 0.0265625
0 0.476309011707465 0.1703125 0.03293067466803503 0.0203125
0 0.46454428903121975 0.028125 0.02198408430895533 0.01875
0 0.460239625874258 0.3625 0.04395907825883114 0.0359375
0 0.44633062021691716 0.1203125 0.09881929508134384 0.065625
0 0.4271897347764936 0.053125 0.0722204336450254 0.059375
0 0.4255191922292324 0.303125 0.0706670240041051 0.0609375
0 0.41672597521032806 0.403125 0.0753454336450254 0.059375
0 0.3514180960164204 0.1890625 0.12087610226293624 0.096875
0 0.7703125 0.090625 0.209375 0.18125
0 0.10703125 0.7828125 0.2140625 0.2125
0 0.5015625 0.7765625 0.13125 0.2125
0 0.68671875 0.76953125 0.2359375 0.2921875