0 0.246875 0.428125 0.0734375 0.22734375
0 0.95625 0.4328125 0.00546875 0.0125
0 0.93515625 0.43125 0.009375 0.01953125
0 0.9828125 0.4296875 0.00625 0.0140625
0 0.871875 0.42578125 0.0140625 0.04296875
0 0.99296875 0.4171875 0.0125 0.04765625
0 0.84296875 0.41328125 0.01328125 0.03359375
0 0.9828125 0.41015625 0.00703125 0.01796875
0 0.95078125 0.40625 0.0078125 0.0234375
0 0.9421875 0.403125 0.0125 0.0375
0 0.78203125 0.403125 0.01015625 0.0375
0 0.85234375 0.390625 0.009375 0.025
0 0.68828125 0.38359375 0.01796875 0.05
0 0.903125 0.378125 0.046875 0.12109375
0 0.80703125 0.36953125 0.03203125 0.11171875
0 0.97890625 0.3625 0.02890625 0.07265625
0 0.83984375 0.34765625 0.02890625 0.08203125
0 0.7171875 0.34453125 0.0296875 0.0796875
0 0.66796875 0.33359375 0.02890625 0.08515625
0 0.96171875 0.3015625 0.0390625 0.08203125
0 0.58125 0.26796875 0.08359375 0.26796875
0 0.7734375 0.2609375 0.04765625 0.13671875
0 0.5375 0.20234375 0.03359375 0.171875
0 0.25390625 0.684375 0.2359375 0.090625