0 0.0609375 0.06354166666666666 0.121875 0.12708333333333333
0 0.621875 0.20104166666666667 0.24375 0.40208333333333335
0 0.425 0.46041666666666664 0.096875 0.041666666666666664
0 0.02578125 0.484375 0.0515625 0.08958333333333333
0 0.375 0.46041666666666664 0.05625 0.041666666666666664
0 0.3171875 0.47291666666666665 0.09375 0.06666666666666667
0 0.06484375 0.4864583333333333 0.0515625 0.09375
0 0.1632681353422277 0.4868974486003397 0.05188066256778665 0.07331664246616984
0 0.23828125 0.503125 0.1046875 0.12708333333333333
0 0.26961410499341076 0.688757247584172 0.11639768052176755 0.17798024876252233
0 0.6171875 0.5708333333333333 0.234375 0.2625