0 0.48515625 0.3140625 0.1453125 0.159375
0 0.7151007417103805 0.30390625 0.01572499394987581 0.0171875
0 0.909375 0.2609375 0.178125 0.371875
0 0.1801535699692118 0.81015625 0.32220329468856046 0.325
0 0.7545723078689635 0.86484375 0.0220568071815924 0.03125
0 0.8233223078689633 0.86484375 0.020448855386194252 0.0234375
0 0.8765609373574585 0.8453125 0.020439765027114733 0.021875
0 0.9304853680756178 0.8421875 0.028343168617910662 0.0375
0 0.7409188740275462 0.79453125 0.04094316256778665 0.0546875
0 0.6778148860295987 0.7640625 0.0628636143631847 0.0625
0 0.6353097443426593 0.684375 0.09291472872636941 0.125