0 0.209375 0.8359375 0.2015625 0.21875
0 0.9046875 0.940625 0.0390625 0.04375
0 0.6125 0.934375 0.0546875 0.0703125
0 0.75 0.9125 0.0515625 0.0703125
0 0.928125 0.9046875 0.05625 0.0609375
0 0.98984375 0.903125 0.0171875 0.078125
0 0.96875 0.896875 0.0375 0.0578125
0 0.5921875 0.890625 0.0484375 0.0578125
0 0.9046875 0.878125 0.05625 0.08125
0 0.6234375 0.840625 0.078125 0.1109375
0 0.840625 0.8328125 0.0828125 0.0984375
0 0.71875 0.815625 0.1 0.1203125
0 0.5046875 0.77890625 0.090625 0.1546875
0 0.553125 0.7734375 0.0578125 0.096875