0 0.109375 0.7074163420591791 0.203125 0.2508010733609078
0 0.9078125 0.89765625 0.01171875 0.05
0 0.88828125 0.87421875 0.01328125 0.053125
0 0.80859375 0.87109375 0.0140625 0.053125
0 0.8515625 0.8640625 0.0140625 0.0515625
0 0.99140625 0.853125 0.015625 0.059375
0 0.9234375 0.8484375 0.0140625 0.0546875
0 0.9546875 0.84453125 0.015625 0.0515625
0 0.67578125 0.8609375 0.02109375 0.07109375
0 0.7796875 0.85234375 0.015625 0.053125
0 0.7484375 0.8546875 0.015625 0.05
0 0.71640625 0.8375 0.0171875 0.05625