0 0.9455983254301609 0.07890625 0.08653746369925486 0.103125
0 0.7079119730690286 0.1109375 0.050345433645025396 0.059375
0 0.6625176598373121 0.125 0.086555644417414 0.10625
0 0.4740818737329587 0.1515625 0.10374314441741399 0.10625
0 0.96953125 0.1734375 0.0578125 0.096875
0 0.8667188256265526 0.20859375 0.16355448165323558 0.18125
0 0.98515625 0.021875 0.0265625 0.04375
0 0.6227819523845733 0.375 0.12273858411256366 0.1484375
0 0.8411789910230094 0.0328125 0.03779089149054773 0.05
0 0.7949943374322134 0.0484375 0.07395565046753809 0.0890625
0 0.29296875 0.7078125 0.1296875 0.1875