0 0.01328125 0.02734375 0.0265625 0.0515625
0 0.07484196047780092 0.06015625 0.03932612041330898 0.0453125
0 0.1804243399662962 0.0796875 0.034629530054229286 0.04375
0 0.2697595507386847 0.1265625 0.03462043969514959 0.0421875
0 0.865625 0.09921875 0.265625 0.1984375
0 0.26875 0.4421875 0.01953125 0.053125
0 0.34765625 0.4765625 0.02421875 0.0609375
0 0.15390625 0.4484375 0.02578125 0.065625
0 0.30078125 0.48046875 0.01953125 0.04609375
0 0.375 0.50546875 0.02109375 0.053125
0 0.12890625 0.46953125 0.0296875 0.075
0 0.1953125 0.48046875 0.02109375 0.05625
0 0.7195793061996337 0.7109375 0.3100396379745064 0.3828125