0 0.3765625 0.15 0.065625 0.075
0 0.4134223219287305 0.14685123234060668 0.01918635200509069 0.037609084308955334
0 0.5594342559277761 0.15303253376666248 0.04903748400699968 0.051844301131468026
0 0.7343433492600487 0.15982691354974526 0.023819308004454243 0.032948855386194256
0 0.9515625 0.1515625 0.09375 0.071875
0 0.5174194785964578 0.13843422346181206 0.0426965773392725 0.04399543969514959
0 0.6329717532622761 0.1440115368899204 0.05537839067472703 0.05969316256778665
0 0.30390625 0.1078125 0.0078125 0.03125
0 0.8838984539306395 0.13005253425764174 0.0680238413430903 0.07226588544042371
0 0.5888768552673667 0.10677061212368955 0.05850339067472685 0.05971134328594587
0 0.4648308279360484 0.0926495456705192 0.03159544533736351 0.029869307181592218
0 0.774741629933185 0.11193885939321505 0.04911020934118149 0.05809430113146803
0 0.621875 0.67421875 0.1875 0.4203125