0 0.11875 0.2328125 0.2375 0.21875
0 0.613932773316734 0.4312731074156326 0.0392352168225127 0.030142033338636055
0 0.5995293848512484 0.3725157254137236 0.031413626463433174 0.02848862667090888
0 0.5831907916634984 0.2496776620782691 0.03450226502711473 0.022274989337999783
0 0.5801117643397437 0.39181970874440547 0.023555674668035032 0.020585220003181703
0 0.5547334726762452 0.05795323874122384 0.045530668617910844 0.03802725867281791
0 0.575 0.45546875 0.1125 0.0234375
0 0.5561470235131257 0.30092198874122383 0.10197156615858276 0.0714942866804539
0 0.5416987041330892 0.3687180160725421 0.0753636143631848 0.06337270401018139
0 0.53046875 0.11953125 0.0609375 0.0671875
0 0.52421875 0.02578125 0.0484375 0.0515625
0 0.1546875 0.8 0.309375 0.3
0 0.6967679992144331 0.8028908320337257 0.33888173458010196 0.24142716804581604