0 0.2171875 0.415625 0.1046875 0.28359375
0 0.7359375 0.2375 0.12109375 0.3015625
0 0.6046875 0.278125 0.10390625 0.19921875
0 0.96484375 0.29609375 0.04296875 0.08515625
0 0.78984375 0.3015625 0.021875 0.08359375
0 0.88125 0.30234375 0.0421875 0.12890625
0 0.55234375 0.3140625 0.02890625 0.08359375
0 0.846875 0.30859375 0.06484375 0.1484375
0 0.528125 0.3171875 0.0140625 0.046875
0 0.65859375 0.3171875 0.01484375 0.0359375
0 0.90546875 0.31171875 0.01875 0.06640625
0 0.68359375 0.3203125 0.02265625 0.07578125
0 0.8140625 0.340625 0.0140625 0.0359375
0 0.9734375 0.3875 0.05078125 0.12265625
0 0.33125 0.87265625 0.25 0.2515625