0 0.25856037110068 0.24453929859738538 0.3233839996072166 0.2612476139704013
0 0.85546875 0.33671875 0.2703125 0.1015625
0 0.36413418111094276 0.602541133495516 0.1035886083130606 0.08028746369925477
0 0.372454699457707 0.7837365913410382 0.09735678903121965 0.08337610226293642
0 0.36443260031802877 0.9540899979568966 0.10049996974937905 0.08651928298109546
0 0.1667920693800367 0.41541435909862745 0.04397725897699054 0.039317030054229304
0 0.7251933591968233 0.8500519377502421 0.07689884328594587 0.058257927594901206
0 0.6905017592715781 0.5018280611886131 0.06595225292686617 0.05663179508134393
0 0.6375 0.41953125 0.075 0.0609375
0 0.6746752087292851 0.9394053292407898 0.07539088544042354 0.06762383723582169
0 0.6358995759211401 0.7560433833973201 0.07851588544042354 0.0676420179539809
0 0.6103551961380573 0.5811979195016737 0.0784704336450254 0.05982951795398091
0 0.7379120486955812 0.6781087600571449 0.0706761143631848 0.06290906615858276