0 0.22734375 0.334375 0.253125 0.228125
0 0.7859375 0.1 0.02890625 0.11640625
0 0.69765625 0.10703125 0.02421875 0.0921875
0 0.86953125 0.12578125 0.0171875 0.0671875
0 0.88515625 0.13984375 0.02890625 0.11953125
0 0.9515625 0.1625 0.03515625 0.11953125
0 0.71953125 0.1953125 0.028125 0.12890625
0 0.775 0.2109375 0.025 0.10703125
0 0.81484375 0.24609375 0.0546875 0.20546875
0 0.75859375 0.31015625 0.03125 0.14296875
0 0.76796875 0.03359375 0.0140625 0.05078125
0 0.9015625 0.4265625 0.040625 0.1671875
0 0.821875 0.0421875 0.0125 0.05625
0 0.69453125 0.49375 0.03359375 0.121875
0 0.83828125 0.0578125 0.02421875 0.1
0 0.746875 0.79765625 0.19375 0.2953125