0 0.28359375 0.2296875 0.2453125 0.11796875
0 0.8671875 0.3046875 0.2625 0.225
0 0.16171875 0.7265625 0.3171875 0.21953125
0 0.8749206484244347 0.9057121061717611 0.042460210772388506 0.047120439695149584
0 0.60703125 0.921875 0.0140625 0.075
0 0.7187706423743105 0.8894336420797229 0.056677246876741985 0.07376475292686635
0 0.8962325670423456 0.8680893863241863 0.06131020472226432 0.0644170240041051
0 0.971875 0.86015625 0.053125 0.0828125
0 0.9361354043763631 0.857701332167656 0.042542024004105096 0.06118293969514958
0 0.8713780127876195 0.8432348320694603 0.06299087939029935 0.08473861436318479
0 0.615625 0.82734375 0.03125 0.1171875
0 0.8044268621236895 0.8030007175098838 0.08967155405833438 0.10520565046753827
0 0.6818206090986274 0.7951205606976337 0.10854881908544903 0.1271897347764936