0 0.21790982725973063 0.2485249001729506 0.24714990937299816 0.2936055960164204
0 0.704656396602503 0.4507050237095175 0.0835579346753633 0.06454428903121964
0 0.717256941279457 0.37499195140261465 0.08517497867599957 0.06924087939029935
0 0.749662550644501 0.14157091822512738 0.08826361600890867 0.06613406010845857
0 0.7227791405951851 0.5047203580184728 0.04264203333863614 0.039307939695149584
0 0.7675938432925019 0.2791845477136226 0.10734088001272664 0.094368144417414
0 0.79765625 0.00859375 0.0921875 0.0171875
0 0.6765625 0.5328125 0.04375 0.03125
0 0.739089224657864 0.04306524053203024 0.0631727093411815 0.058176114363184706
0 0.25330988323523174 0.9182652284317818 0.30014654535327184 0.14861125858420704
0 0.67109375 0.6640625 0.3046875 0.228125