0 0.33984375 0.27265625 0.2578125 0.2515625
0 0.65859375 0.30390625 0.2515625 0.1890625
0 0.18611602928072965 0.7421009720719057 0.3059442013844521 0.3800714973742709
0 0.98515625 0.89921875 0.02421875 0.07578125
0 0.58125 0.93203125 0.04453125 0.13359375
0 0.96953125 0.87734375 0.04453125 0.109375
0 0.76953125 0.8453125 0.04296875 0.12109375
0 0.946875 0.79453125 0.04609375 0.11953125
0 0.6984375 0.81015625 0.0484375 0.1296875
0 0.865625 0.7875 0.05234375 0.125
0 0.615625 0.9875 0.028125 0.021875
0 0.56171875 0.7234375 0.05078125 0.14765625
0 0.9203125 0.615625 0.0375 0.115625
0 0.753125 0.621875 0.0484375 0.1359375
0 0.9375 0.56640625 0.04765625 0.13125
0 0.72578125 0.5625 0.05625 0.14296875
0 0.97109375 0.496875 0.0484375 0.1515625
0 0.88125 0.946875 0.040625 0.09765625
0 0.77109375 0.95078125 0.0453125 0.0953125
0 0.69453125 0.953125 0.04296875 0.08984375
0 0.81484375 0.47265625 0.0546875 0.1265625
0 0.64921875 0.953125 0.04375 0.08984375