0 0.3 0.29609375 0.0625 0.1890625
0 0.35859375 0.06640625 0.1421875 0.1328125
0 0.44557001259122775 0.3036277233847704 0.166697662371395 0.18630222135581712
0 0.5341694251590143 0.249967468730088 0.14003516842151917 0.1688056386855446
0 0.6070534550168519 0.07736631007317847 0.11803290339440445 0.14667610001590833
0 0.6836023194782325 0.08060094541690525 0.10377041549465282 0.11213746801399935
0 0.7080245607958296 0.31449468742040515 0.15253516842151918 0.16895108935390812
0 0.7656562953759315 0.07764921542804108 0.09911018657189175 0.11677042401336299
0 0.8828256146577722 0.08213781544394946 0.12426472267624504 0.14362382535009016
0 0.97421875 0.0921875 0.0484375 0.15625
0 0.9160097776183423 0.2872253047819492 0.14464994554888227 0.15636018268618096
0 0.7693983980316513 0.7379310927354968 0.14799311416679295 0.19389654535327186