0 0.1578125 0.26328125 0.315625 0.2609375
0 0.9875 0.33828125 0.021875 0.0671875
0 0.98984375 0.03203125 0.0171875 0.0515625
0 0.98828125 0.16171875 0.0203125 0.0671875
0 0.953125 0.253125 0.090625 0.121875
0 0.96875 0.3953125 0.059375 0.0625
0 0.9475920966055955 0.08092066354974525 0.08476588544042354 0.06767837939029935
0 0.9110763170423455 0.4490894014494969 0.13183178298109546 0.10076359016268785
0 0.91328125 0.021875 0.1734375 0.04375
0 0.9074074581401099 0.13974621770627552 0.07097609621281223 0.11447156615858285
0 0.7886382356602564 0.4123029946372469 0.19450449980360834 0.13081470452587246
0 0.7934176810127468 0.1279098139190876 0.20562380698520072 0.16212833703942992
0 0.7084699883907308 0.22683819330938695 0.08012383723582168 0.07546360831306043
0 0.69296875 0.4734375 0.1703125 0.05
0 0.66484375 0.03828125 0.2609375 0.0765625
0 0.57421875 0.45625 0.0953125 0.084375
0 0.5762256358332071 0.12995462383115447 0.08667381908544902 0.12706246974937901
0 0.34383882006740774 0.8353910366935287 0.22939765027114642 0.2200771924256241