0 0.37578125 0.240625 0.2796875 0.1453125
0 0.69765625 0.24375 0.1953125 0.36875
0 0.47265625 0.88828125 0.06484375 0.11953125
0 0.40390625 0.89375 0.04375 0.075
0 0.35546875 0.89609375 0.04765625 0.0640625
0 0.20234375 0.8859375 0.05234375 0.1046875
0 0.559375 0.84375 0.03671875 0.0671875
0 0.35703125 0.82421875 0.06640625 0.12109375
0 0.2875 0.83203125 0.065625 0.14296875
0 0.57734375 0.78515625 0.04296875 0.12421875
0 0.49140625 0.784375 0.0890625 0.171875
0 0.11875 0.81015625 0.078125 0.1578125
0 0.73359375 0.8078125 0.2671875 0.328125