0 0.49647884205917914 0.43488055669061304 0.08235906134627217 0.09578519867214012
0 0.6080339600572702 0.4214680173648057 0.072984061346272 0.09573065651766229
0 0.7295089707192703 0.3878020653730159 0.08241360534690863 0.10047269867214012
0 0.75546875 0.5203125 0.0359375 0.015625
0 0.8094050087125888 0.3390514688656162 0.07091248400699968 0.05197156615858276
0 0.36796875 0.52421875 0.0390625 0.0078125
0 0.5758385307129069 0.34003621018321334 0.08719201201463563 0.10831246974937905
0 0.409375 0.52421875 0.040625 0.0078125
0 0.800901618037862 0.27963101707021815 0.09049882535009016 0.12395565046753827
0 0.6984375 0.5140625 0.0375 0.028125
0 0.95 0.2140625 0.096875 0.153125
0 0.5984375 0.51015625 0.05 0.0359375
0 0.46640625 0.5171875 0.0296875 0.021875
0 0.8921875 0.49296875 0.059375 0.0703125
0 0.49100154873486046 0.5012504452542945 0.03799089600572696 0.04240566861791066
0 0.4057816640674514 0.4952862706844554 0.04596702800763595 0.056513620413308985
0 0.9218606500636334 0.4701656343602691 0.05875792934436319 0.08158634328594587
0 0.34011121073358785 0.4909982256031114 0.053961341343090476 0.07218407220870696
0 0.4478146227323151 0.48225046037960506 0.036282945337363426 0.02989657825883114
0 0.04140625 0.8578125 0.0828125 0.13125
0 0.1546875 0.9640625 0.0875 0.06875