0 0.32890625 0.15546875 0.3921875 0.0875
0 0.20546875 0.7375 0.034375 0.046875
0 0.2046875 0.53359375 0.01875 0.0265625
0 0.20625 0.5984375 0.015625 0.0265625
0 0.20703125 0.40703125 0.009375 0.01015625
0 0.21796875 0.8078125 0.0078125 0.01015625
0 0.21953125 0.84140625 0.028125 0.0453125
0 0.2109375 0.47265625 0.0375 0.053125
0 0.2078125 0.32265625 0.00546875 0.00703125
0 0.2078125 0.30546875 0.00390625 0.00703125
0 0.221875 0.7796875 0.00703125 0.00859375
0 0.21328125 0.390625 0.01875 0.025
0 0.221875 0.6421875 0.01484375 0.01484375
0 0.234375 0.88828125 0.0328125 0.03515625
0 0.2859375 0.578125 0.028125 0.0484375
0 0.8891432714700223 0.509375 0.21203743344863374 0.1890625