0 0.34921875 0.24296875 0.26796875 0.1421875
0 0.71875 0.35078125 0.178125 0.2296875
0 0.20625 0.92421875 0.159375 0.1484375
0 0.515625 0.8969001875538503 0.11875 0.12412836729005097
0 0.6109375 0.8203125 0.034375 0.16875
0 0.41953125 0.7693342446372469 0.2 0.2496010659621911
0 0.26328125 0.7772745305452087 0.1421875 0.18832722267624522
0 0.11015625 0.7531653857350111 0.153125 0.20557835518980258
0 0.53984375 0.7123842869881163 0.1078125 0.1381272347764936
0 0.28828125 0.9828125 0.1109375 0.03125
0 0.8171875 0.8273245275201464 0.2234375 0.3075499213483853