0 0.984375 0.025 0.028125 0.05
0 0.86796875 0.04296875 0.0921875 0.0859375
0 0.66640625 0.08065666500367355 0.0859375 0.119249969749379
0 0.96328125 0.06640625 0.0703125 0.1046875
0 0.56640625 0.101949882022578 0.075 0.11449883723582163
0 0.72421875 0.0934930082896194 0.05 0.09560339149054778
0 0.609375 0.1061061168972675 0.0734375 0.12230224687674203
0 0.821875 0.1057799057320955 0.053125 0.056559072208707
0 0.896875 0.10152874296791717 0.103125 0.12403746369925477
0 0.93125 0.2556349808676687 0.11875 0.13506586729005096
0 0.48671875 0.06328125 0.0734375 0.1265625
0 0.17890625 0.6485249001729506 0.234375 0.25761355386194273
0 0.7203125 0.709976005460949 0.246875 0.2967487767345796