0 0.23381718527213918 0.36952906063018354 0.23139764003818009 0.28390447469763486
0 0.70859375 0.55078125 0.01875 0.05078125
0 0.83828125 0.57734375 0.02734375 0.06640625
0 0.68359375 0.03984375 0.0125 0.0328125
0 0.55 0.5484375 0.0171875 0.05078125
0 0.7765625 0.58671875 0.0140625 0.04296875
0 0.565625 0.5671875 0.01875 0.05078125
0 0.6875 0.5984375 0.01875 0.05078125
0 0.7109375 0.046875 0.01328125 0.034375
0 0.7328125 0.6390625 0.021875 0.05625
0 0.8609375 0.06953125 0.01171875 0.03203125
0 0.678125 0.04609375 0.0125 0.0328125
0 0.61484375 0.0390625 0.0109375 0.02734375
0 0.634375 0.65859375 0.02265625 0.059375
0 0.6359375 0.0453125 0.0125 0.02578125
0 0.79375 0.69609375 0.02109375 0.0546875
0 0.87109375 0.71015625 0.021875 0.0578125
0 0.54921875 0.03515625 0.015625 0.040625
0 0.56015625 0.6921875 0.025 0.05
0 0.5375 0.69453125 0.015625 0.04296875
0 0.75546875 0.065625 0.0125 0.034375
0 0.80546875 0.07421875 0.0125 0.034375
0 0.66640625 0.05546875 0.0125 0.0328125
0 0.81875 0.0828125 0.0125 0.0328125
0 0.86875 0.09453125 0.0125 0.0328125
0 0.715625 0.00390625 0.015625 0.0078125
0 0.6921875 0.08125 0.01171875 0.034375
0 0.7734375 0.09375 0.01328125 0.0328125
0 0.66171875 0.0828125 0.01171875 0.02734375
0 0.88359375 0.115625 0.01171875 0.03046875
0 0.7046875 0.103125 0.0125 0.0359375
0 0.6203125 0.09375 0.01328125 0.0359375
0 0.59921875 0.09140625 0.01328125 0.034375
0 0.96484375 0.14296875 0.015625 0.034375
0 0.79765625 0.0109375 0.0109375 0.021875
0 0.5609375 0.09609375 0.01484375 0.0375
0 0.57265625 0.09921875 0.01328125 0.0390625
0 0.7140625 0.1234375 0.01328125 0.0359375
0 0.84140625 0.01796875 0.0125 0.02734375
0 0.965625 0.1640625 0.01328125 0.0359375
0 0.67421875 0.1296875 0.01328125 0.0375
0 0.8546875 0.1546875 0.0140625 0.0390625
0 0.81953125 0.14921875 0.0140625 0.0359375
0 0.60546875 0.13359375 0.0140625 0.0359375
0 0.7671875 0.1640625 0.015625 0.040625
0 0.75625 0.01328125 0.0125 0.0265625
0 0.64296875 0.14921875 0.015625 0.040625
0 0.890625 0.18203125 0.01328125 0.034375
0 0.84296875 0.18359375 0.0140625 0.04296875
0 0.9046875 0.19453125 0.01328125 0.0375
0 0.86328125 0.20234375 0.01484375 0.0375
0 0.58046875 0.16875 0.0109375 0.02890625
0 0.89921875 0.2171875 0.0140625 0.0390625
0 0.60625 0.17890625 0.01484375 0.0390625
0 0.9375 0.228125 0.01640625 0.040625
0 0.88046875 0.2203125 0.0140625 0.0390625
0 0.70703125 0.20078125 0.015625 0.04453125
0 0.73984375 0.20625 0.01484375 0.04296875
0 0.83125 0.2203125 0.01328125 0.0375
0 0.62265625 0.19921875 0.01953125 0.04453125
0 0.59296875 0.20546875 0.01796875 0.040625
0 0.57109375 0.20234375 0.01796875 0.04453125
0 0.7875 0.2328125 0.0203125 0.04765625
0 0.74140625 0.24375 0.01640625 0.04453125
0 0.775 0.26171875 0.01796875 0.04609375
0 0.93984375 0.2875 0.01796875 0.04296875
0 0.84140625 0.278125 0.01328125 0.034375
0 0.803125 0.271875 0.0171875 0.0375
0 0.58828125 0.24296875 0.01796875 0.04453125
0 0.75 0.2671875 0.01953125 0.053125
0 0.921875 0.2921875 0.01640625 0.04296875
0 0.68828125 0.26328125 0.01796875 0.04453125
0 0.71796875 0.27109375 0.0203125 0.0578125
0 0.60390625 0.0078125 0.01171875 0.01484375
0 0.87890625 0.303125 0.01796875 0.04453125
0 0.6546875 0.27265625 0.0203125 0.04765625
0 0.675 0.290625 0.01953125 0.05625
0 0.57265625 0.28515625 0.01875 0.05078125
0 0.796875 0.31875 0.0140625 0.0390625
0 0.6625 0.31640625 0.0203125 0.0578125
0 0.8640625 0.346875 0.0140625 0.03046875
0 0.96484375 0.36015625 0.01796875 0.04296875
0 0.82890625 0.34375 0.015625 0.04296875
0 0.7671875 0.3359375 0.01328125 0.0359375
0 0.58046875 0.31328125 0.02109375 0.0546875
0 0.575 0.00859375 0.01328125 0.0171875
0 0.93828125 0.36484375 0.0234375 0.05
0 0.98984375 0.375 0.01484375 0.04921875
0 0.53359375 0.32578125 0.00703125 0.0390625
0 0.81328125 0.03671875 0.01171875 0.03046875
0 0.71875 0.375 0.015625 0.04296875
0 0.86484375 0.40390625 0.009375 0.02421875
0 0.6578125 0.378125 0.0171875 0.04296875
0 0.84453125 0.0421875 0.01171875 0.03046875
0 0.55546875 0.36484375 0.015625 0.040625
0 0.78359375 0.4 0.0171875 0.04296875
0 0.66875 0.39296875 0.0171875 0.04609375
0 0.86015625 0.42578125 0.015625 0.04453125
0 0.7421875 0.03203125 0.0125 0.0328125
0 0.94453125 0.4390625 0.01796875 0.04765625
0 0.775 0.4328125 0.0171875 0.04453125
0 0.55390625 0.41640625 0.0171875 0.04609375
0 0.871875 0.4609375 0.01796875 0.04453125
0 0.81875 0.4640625 0.01796875 0.04453125
0 0.91796875 0.4828125 0.0171875 0.04609375
0 0.8265625 0.0484375 0.0125 0.0328125
0 0.78671875 0.04296875 0.0109375 0.02734375
0 0.69609375 0.0328125 0.0109375 0.02890625
0 0.58984375 0.01875 0.0140625 0.0359375
0 0.62578125 0.025 0.0125 0.034375
0 0.81484375 0.51953125 0.01484375 0.04609375
0 0.9578125 0.5421875 0.0171875 0.040625
0 0.80078125 0.528125 0.0171875 0.04765625
0 0.771875 0.04609375 0.0109375 0.021875
0 0.4375 0.87421875 0.18125 0.2484375