0 0.26171875 0.1125 0.2203125 0.225
0 0.742951611043535 0.24754299741404173 0.05980224687674198 0.07412839067472685
0 0.6814828459182245 0.28979358473899663 0.10702268052176755 0.13404883068109025
0 0.2296334787263694 0.622032825389861 0.07870678298109564 0.10090906667727224
0 0.2696817618056608 0.6576526993952699 0.09129768657189175 0.11667951734563582
0 0.01953125 0.61875 0.0390625 0.103125
0 0.04765625 0.8 0.0953125 0.128125
0 0.13671875 0.5984375 0.0921875 0.078125
0 0.5296875 0.60703125 0.05625 0.0953125
0 0.4640625 0.61328125 0.1 0.1078125
0 0.3281442224798535 0.7700441587364513 0.10707722267624523 0.14342383068109027
0 0.72578125 0.71015625 0.2578125 0.3015625