0 0.37345918413600476 0.2403902133064713 0.10516928903121973 0.08342155405833437
0 0.36796875 0.4375 0.0984375 0.021875
0 0.4097284822424109 0.18356804156530254 0.11142837939029934 0.08502041549465282
0 0.5101375484009937 0.11383732454639806 0.0895261083130606 0.08020565046753822
0 0.513747840850059 0.29902084562363684 0.15384313836728972 0.12432835518980259
0 0.514714922330344 0.40137368598271655 0.11301815046753809 0.08971700585373235
0 0.5998585785534187 0.1354537701934761 0.11143746974937904 0.08658291549465287
0 0.35 0.03125 0.0625 0.0625
0 0.5109955455723233 0.6966311229473916 0.10201701795398091 0.07871587334017516
0 0.5036910639190876 0.8778447615110732 0.09578519867214012 0.08180451190385671
0 0.665625 0.46640625 0.059375 0.0328125
0 0.7074216145595764 0.5063611678323439 0.04397725897699054 0.039317030054229284