0 0.2859375 0.21171875 0.45 0.11875
0 0.4693612640435889 0.67265625 0.04736589600572696 0.0421875
0 0.48046875 0.40625 0.0765625 0.0125
0 0.45035563068904444 0.51640625 0.07409202800763595 0.05625
0 0.4321067120464524 0.69375 0.0647715720082724 0.0609375
0 0.4260481633911336 0.77734375 0.08203179734245403 0.0671875
0 0.4224140860518613 0.73359375 0.06142839600572714 0.0421875
0 0.4066180054105419 0.9203125 0.07423747867599957 0.06875
0 0.40078125 0.98359375 0.0671875 0.0296875
0 0.4068158107097252 0.66875 0.08510225334181776 0.0625
0 0.38671875 0.41484375 0.1203125 0.0296875
0 0.3654090133672712 0.6015625 0.10572383601209019 0.0890625
0 0.3553880286839538 0.47890625 0.12781701201463563 0.1078125
0 0.878125 0.6859375 0.0703125 0.171875