0 0.14375 0.15625 0.2875 0.3125
0 0.842997062838933 0.24706343588452068 0.2643726139704013 0.3234021803253758
0 0.06953125 0.8109375 0.1390625 0.375
0 0.7375 0.6546875 0.259375 0.25
0 0.94453125 0.68125 0.1078125 0.209375
0 0.30703125 0.653125 0.0359375 0.090625
0 0.6274856923274283 0.6813742824901162 0.04893746974937905 0.08621930113146821
0 0.4453999001729506 0.6709402556573407 0.09295109016268785 0.1317863311856975
0 0.5134231923274284 0.6807106862773041 0.13526585518980258 0.1539067708808471
0 0.8886049995090207 0.7141423724564124 0.03303066861791084 0.03769089754067192
0 0.39621296642972925 0.6761226593463328 0.04102497579950315 0.06898634933607006
0 0.8386004543294809 0.7130702309658645 0.048892017953980904 0.07840680113146821
0 0.5769135205862594 0.7170163458200286 0.03146816861791084 0.0376818071815924
0 0.30078125 0.74296875 0.0234375 0.1265625