0 0.1359375 0.05625 0.271875 0.1125
0 0.6532179871141847 0.4405956453993727 0.04092498184962743 0.05179884933607006
0 0.8250384449597069 0.4302207059006147 0.0519079336450254 0.059674981849627426
0 0.4115799329576545 0.4021563558771736 0.05506020472226432 0.06438066256778666
0 0.7257151558302913 0.41282919370217047 0.040888620413308985 0.04554884933607006
0 0.8858532251121322 0.4087724318965096 0.04561248184962743 0.05182612041330899
0 0.365625 0.3734375 0.053125 0.075
0 0.503658348648699 0.3828700246914762 0.04563066256778665 0.05495112041330898
0 0.14899759884509073 0.8142609252572102 0.26452715007475475 0.3499646803253757
0 0.85546875 0.928125 0.1578125 0.140625
0 0.43828125 0.76875 0.1984375 0.459375