0 0.29426062275099996 0.371875 0.2544612827847038 0.2296875
0 0.24456008371978025 0.9 0.08479315651766246 0.071875
0 0.24026801433974362 0.96796875 0.06127384328594587 0.0578125
0 0.20459309299135828 0.74453125 0.08163179508134384 0.065625
0 0.1941414063212706 0.69375 0.09100679508134384 0.065625
0 0.20020102966144587 0.7953125 0.07224770472226431 0.0640625
0 0.2005737343837101 0.859375 0.07380111436318479 0.0625
0 0.19313848428551433 0.92421875 0.08644656010845857 0.0875
0 0.16969539734428024 0.6546875 0.0674693011314682 0.0484375
0 0.14296875 0.59609375 0.1203125 0.0328125
0 0.1429147287263694 0.6171875 0.07064884328594587 0.0578125
0 0.07151749345889646 0.83359375 0.09275110226293623 0.096875
0 0.7734375 0.959375 0.28125 0.078125