0 0.259375 0.06953125 0.284375 0.1390625
0 0.97890625 0.10078125 0.0390625 0.0390625
0 0.97265625 0.3765625 0.0515625 0.059375
0 0.98984375 0.24765625 0.0171875 0.0296875
0 0.5198999304235716 0.04296875 0.031413626463433174 0.028125
0 0.5076964088553535 0.3625 0.029832945745273953 0.025
0 0.5274856923274284 0.13828125 0.031404536104353474 0.0265625
0 0.524206677103922 0.24609375 0.031404536104353474 0.0265625
0 0.5290623487468948 0.275 0.029842036104353476 0.0265625
0 0.5289083335233885 0.3828125 0.029842036104353476 0.0265625
0 0.47227095150081055 0.04765625 0.017351126463433085 0.028125
0 0.55546875 0.01015625 0.0328125 0.0203125
0 0.5488248820225781 0.18046875 0.029851126463433176 0.028125
0 0.5447287762436003 0.41640625 0.028270445745273952 0.025
0 0.5729840238077133 0.0359375 0.032967036104353475 0.0265625
0 0.46546748135864807 0.22109375 0.022002265027114644 0.021875
0 0.5895220840143678 0.05859375 0.032976126463433175 0.028125
0 0.4636691529034252 0.31484375 0.025154536104353475 0.0265625
0 0.5858032281371942 0.359375 0.0361102168225127 0.0296875
0 0.5892731409013725 0.284375 0.032985216822512695 0.0296875
0 0.6152038609453392 0.17578125 0.0376818071815924 0.03125
0 0.47432887607064966 0.1328125 0.031395445745273864 0.025
0 0.6042310412707149 0.43828125 0.031413626463433174 0.028125
0 0.6153725534691592 0.3390625 0.039226126463433084 0.028125
0 0.61171875 0.46171875 0.0359375 0.0109375
0 0.6289128787029283 0.38359375 0.034556807181592396 0.03125
0 0.634375 0.45703125 0.0375 0.0203125
0 0.6408497973208391 0.42109375 0.0361102168225127 0.0296875
0 0.6613652677575892 0.053125 0.040806807181592394 0.03125
0 0.659430583916172 0.1234375 0.0392352168225127 0.0296875
0 0.6519640384420445 0.3171875 0.034538626463433086 0.028125
0 0.6733163427949665 0.22734375 0.04242384933607006 0.040625
0 0.6938555808911099 0.13203125 0.04081589754067201 0.0328125
0 0.7028674874087723 0.20390625 0.04239657825883114 0.0359375
0 0.7021322100850175 0.34609375 0.031413626463433174 0.028125
0 0.7063515565924172 0.265625 0.03458407825883114 0.0359375
0 0.7127283007386847 0.153125 0.047102258976990365 0.0390625
0 0.7236834605759969 0.021875 0.04083407825883114 0.0359375
0 0.7240516201187213 0.08515625 0.05180793969514976 0.0421875
0 0.7174577491162373 0.42890625 0.04083407825883114 0.0359375
0 0.7515625 0.009375 0.053125 0.01875
0 0.7500606499765589 0.25859375 0.0361102168225127 0.0296875
0 0.7610532130118838 0.40234375 0.028297716822512697 0.0296875
0 0.7660992613146815 0.3296875 0.03924430718159222 0.03125
0 0.772357830792914 0.196875 0.032976126463433175 0.028125
0 0.4875515596174793 0.25703125 0.028270445745273865 0.025
0 0.818664683350438 0.09921875 0.0392443071815924 0.03125
0 0.8134515051663614 0.41171875 0.02199317466803503 0.0203125
0 0.48637994505790283 0.32421875 0.028270445745273865 0.025
0 0.8280811108471433 0.240625 0.03926248789975162 0.034375
0 0.846875 0.00703125 0.04375 0.0140625
0 0.834504348550503 0.4046875 0.040806807181592394 0.03125
0 0.4991743399662962 0.10625 0.02984203610435352 0.0265625
0 0.8600214572563472 0.225 0.04082498789975162 0.034375
0 0.8643554750139362 0.4328125 0.04083407825883114 0.0359375
0 0.8785583546988232 0.32265625 0.04083407825883114 0.0359375
0 0.495536776439992 0.28671875 0.029842036104353476 0.0265625
0 0.4997379422292324 0.203125 0.025136355386194253 0.0234375
0 0.5109375 0.0109375 0.028125 0.021875
0 0.9308930143397436 0.32109375 0.042360216822512696 0.0296875
0 0.9416577975172309 0.29140625 0.043949987899751616 0.034375
0 0.5057970446885605 0.1703125 0.020448855386194252 0.0234375
0 0.1859375 0.81015625 0.371875 0.3640625
0 0.8265625 0.73515625 0.34375 0.16484375