0 0.32421875 0.15078125 0.2265625 0.3015625
0 0.8744765727243611 0.16501348428551435 0.211338584022908 0.16996810811666876
0 0.25859375 0.4859375 0.3578125 0.153125
0 0.85859375 0.9671875 0.1890625 0.0625
0 0.6086526727402694 0.9094078580184728 0.1609931386855446 0.13998971662612103
0 0.8591879273949516 0.8225901558302914 0.18630222135581712 0.166697662371395
0 0.803473182049634 0.7339907432625047 0.1688056386855445 0.14003516842151909
0 0.6291993407065436 0.6611067134046672 0.14667610001590833 0.11803290339440445
0 0.6306522053628167 0.5845578489432867 0.11213746801399935 0.10377041549465282
0 0.863945963359317 0.5601356076256895 0.1689510893539083 0.1525351684215191
0 0.625791435351681 0.5025038730455875 0.11677042401336309 0.0991101865718917
0 0.62890625 0.4296875 0.1453125 0.040625
0 0.8296875 0.41875 0.153125 0.01875