0 0.2546875 0.23359375 0.3578125 0.2140625
0 0.815625 0.009375 0.06875 0.01875
0 0.85859375 0.00859375 0.0453125 0.0171875
0 0.67109375 0.0078125 0.0703125 0.015625
0 0.92109375 0.02578125 0.0640625 0.0515625
0 0.9671875 0.0578125 0.0625 0.10625
0 0.42734375 0.73203125 0.31171875 0.196875
0 0.6666466236347628 0.5479097382925351 0.050381795081343925 0.06591589149054777
0 0.7032517441462676 0.567227364854164 0.09752950585373252 0.11306360226293632
0 0.8866636869646751 0.597409247662309 0.12745335518980258 0.15386131908544903
0 0.6640700277165383 0.8565080334720749 0.0848204275949013 0.07705337939029935