0 0.3778725534691592 0.18686263310273254 0.2520726018701529 0.3577044574527388
0 0.7774266049934108 0.2584331060735653 0.22691806576579943 0.33099651170746497
0 0.12265625 0.88671875 0.2453125 0.2234375
0 0.8776180234149299 0.9526876210024842 0.05355224687674198 0.07374657220870695
0 0.8260418878763105 0.9506438528521116 0.04728406615858276 0.07058521077238851
0 0.9469765565924172 0.9225956000234412 0.026817030054229463 0.04390453610435348
0 0.7126242824901162 0.9278654038853837 0.05822156615858278 0.07064884328594587
0 0.6063606469514967 0.9261397983027978 0.03621021077238853 0.04708407825883114
0 0.6454095114128774 0.9235687893258074 0.0362011204133089 0.045521578258831144
0 0.7640549722834618 0.9049091720357563 0.02520907825883123 0.03608294574527395
0 0.9859375 0.9703125 0.025 0.05625