0 0.2734375 0.20546875 0.328125 0.2859375
0 0.62578125 0.24765625 0.3734375 0.3078125
0 0.05234375 0.47203564392643466 0.0296875 0.02204771682251274
0 0.059375 0.5408265505422929 0.021875 0.01887726502711473
0 0.08984375 0.7425663125443455 0.0296875 0.026735216822512696
0 0.084375 0.5917532462875668 0.0203125 0.01886817466803503
0 0.0921875 0.644142448082965 0.0375 0.02678066861791084
0 0.1203125 0.451337324546398 0.053125 0.039371572208707
0 0.2296875 0.87890625 0.415625 0.2390625
0 0.96875 0.7625 0.059375 0.215625
0 0.5703125 0.775 0.2625 0.228125