0 0.23046875 0.12890625 0.2140625 0.2578125
0 0.61328125 0.1921875 0.178125 0.2125
0 0.97578125 0.48671875 0.0359375 0.0703125
0 0.40625 0.50546875 0.0578125 0.1296875
0 0.95234375 0.509375 0.06015625 0.103125
0 0.6734375 0.5671875 0.05703125 0.11484375
0 0.9234375 0.59375 0.06171875 0.11328125
0 0.57421875 0.61015625 0.0640625 0.1234375
0 0.81015625 0.61171875 0.06953125 0.11796875
0 0.4515625 0.43671875 0.0359375 0.0375
0 0.38515625 0.71484375 0.0671875 0.14140625
0 0.89296875 0.7734375 0.04921875 0.11171875
0 0.6578125 0.78828125 0.0640625 0.1296875
0 0.91875 0.81953125 0.06328125 0.125
0 0.621875 0.85078125 0.075 0.134375
0 0.9671875 0.884375 0.06328125 0.14609375
0 0.82734375 0.4546875 0.05546875 0.090625
0 0.671875 0.46015625 0.06015625 0.09375
0 0.5640625 0.46328125 0.05546875 0.0984375
0 0.75078125 0.92734375 0.0734375 0.11796875
0 0.50078125 0.46875 0.05703125 0.0984375