0 0.83046875 0.31015625 0.2828125 0.3046875
0 0.27096246067419266 0.5747379422292325 0.09735678903121965 0.08337610226293632
0 0.27161696652792516 0.6872379422292324 0.09730224687674208 0.07400110226293632
0 0.29187544525429454 0.8123515717177276 0.10204428903121973 0.08340337334017515
0 0.15051464704969267 0.8193413942210223 0.029878397540671918 0.032985216822512695
0 0.3314379150036736 0.898516330694718 0.05353406615858276 0.07062157220870695
0 0.35587379185989015 0.6674163216195318 0.10832156010845857 0.0881272347764936
0 0.178125 0.48125 0.0375 0.025
0 0.3915896198241337 0.8980850595192834 0.1255272408266178 0.09135222872636942
0 0.16503568930236626 0.7639590026322787 0.037718168617910844 0.037718168617910844
0 0.17617720150081045 0.6648084303253758 0.05496930113146821 0.04875566256778665
0 0.184779520979043 0.5320504724798535 0.03610112646343318 0.02833407825883121
0 0.16617198418731843 0.9592715026322786 0.07533634328594588 0.05824883723582168
0 0.20603689744247608 0.5602981923274284 0.04397725897699036 0.039317030054229284
0 0.22265625 0.48515625 0.0609375 0.0328125
0 0.19129924921443306 0.9812919483775525 0.08145907825883114 0.036410198672140126
0 0.22923804810640602 0.5198095477136226 0.02989657825883114 0.03611021682251274
0 0.9609375 0.65 0.075 0.15