0 0.94609375 0.25390625 0.1046875 0.1890625
0 0.31875 0.790625 0.06875 0.0828125
0 0.25 0.76171875 0.084375 0.0875
0 0.4390625 0.72109375 0.0375 0.0953125
0 0.0578125 0.68046875 0.115625 0.1515625
0 0.121875 0.6640625 0.0734375 0.1203125
0 0.21875 0.6015625 0.109375 0.115625
0 0.1 0.43125 0.1375 0.1625
0 0.54765625 0.89296875 0.046875 0.0640625
0 0.58515625 0.8765625 0.090625 0.1078125
0 0.77109375 0.8609375 0.1203125 0.146875
0 0.5734375 0.5859375 0.08125 0.0734375
0 0.9265625 0.91328125 0.14375 0.1703125