0 0.8515625 0.5109375 0.025 0.08671875
0 0.875 0.5046875 0.021875 0.08359375
0 0.78359375 0.51015625 0.01328125 0.05078125
0 0.56484375 0.521875 0.015625 0.06171875
0 0.81953125 0.4828125 0.0125 0.05234375
0 0.925 0.46953125 0.0265625 0.08359375
0 0.971875 0.45859375 0.0171875 0.05625
0 0.9546875 0.459375 0.01640625 0.0546875
0 0.90078125 0.44765625 0.01171875 0.04375
0 0.721875 0.45234375 0.01796875 0.0546875
0 0.67265625 0.45859375 0.01796875 0.0578125
0 0.61640625 0.6 0.0421875 0.096875
0 0.7453125 0.58125 0.0375 0.121875
0 0.79375 0.559375 0.03359375 0.1015625
0 0.33828125 0.82421875 0.3609375 0.3484375
0 0.8012736920328407 0.8340417819991369 0.21871468032537572 0.2637635599120669