0 0.8828125 0.01640625 0.0375 0.0328125
0 0.60546875 0.01796875 0.0578125 0.0359375
0 0.95234375 0.25390625 0.0359375 0.0078125
0 0.88984375 0.25078125 0.0421875 0.0140625
0 0.54609375 0.25 0.0359375 0.015625
0 0.978125 0.2390625 0.040625 0.0375
0 0.7171617915653025 0.23688848428551434 0.02832498789975162 0.03453862646343318
0 0.98984375 0.21953125 0.0171875 0.0515625
0 0.5733254331540462 0.22120842125018947 0.028279536104353475 0.026726126463433086
0 0.6467447524358869 0.21851066812693148 0.02990566861791084 0.0376727168225127
0 0.7795436168972675 0.216939598648699 0.02674430718159222 0.031404536104353474
0 0.8785078368430381 0.17376683645025476 0.02990566861791084 0.0376727168225127
0 0.5659851109453392 0.16804251463433117 0.01886817466803503 0.02042158430895542
0 0.99453125 0.16171875 0.0078125 0.0390625
0 0.7370243187908614 0.15966290895354934 0.03303066861791084 0.03769089754067201
0 0.9822686410977642 0.14937134532904928 0.033048849336070066 0.04081589754067192
0 0.5728981862773042 0.14777092125018948 0.029914758976990453 0.0392352168225127
0 0.7540300116092691 0.1285129029034251 0.03303975897699054 0.03925339754067192
0 0.5453726290957117 0.11636183996629619 0.03460225897699045 0.03926248789975162
0 0.6562464965821544 0.10606975546094902 0.03460225897699045 0.03926248789975162
0 0.45625 0.10390625 0.0125 0.0421875
0 0.6598527647325271 0.05452998135864808 0.02836134933607006 0.040788626463433175
0 0.6894811773985096 0.04454644818116078 0.033057939695149766 0.04237839754067192
0 0.2064783007386847 0.5687964935570923 0.3176885115110732 0.3565237525340827
0 0.72578125 0.64765625 0.0734375 0.24140625