0 0.08370842125018943 0.1990373412370347 0.007876132513557366 0.014704542223636234
0 0.06344591822512732 0.21081081768515578 0.007867042154477843 0.012621208890302901
0 0.07595955376374679 0.21374188346067105 0.006295451795398144 0.010513633778909081
0 0.74453125 0.11041666666666666 0.2421875 0.22083333333333333
0 0.11953125 0.6489583333333333 0.2390625 0.29791666666666666
0 0.8871369065176623 0.5419124478570368 0.05345225292686617 0.07582422045406018
0 0.75546875 0.55625 0.0859375 0.1125
0 0.9609375 0.5885416666666666 0.075 0.12708333333333333
0 0.5505863281606354 0.5856782176957613 0.07878859621281223 0.153295422236363
0 0.9194090510332723 0.5966238247401281 0.05200792759490121 0.1028833120093329
0 0.8600567769309713 0.6027533456397639 0.08806360226293641 0.13052420623805988
0 0.4490874606741927 0.6018372666030333 0.06783291549465283 0.14895906312327215
0 0.606159617290051 0.6087759679079436 0.04428633118569749 0.12359543645236327
0 0.4905437076491306 0.6126531928177609 0.06631586729005097 0.1593514880118782
0 0.7031618823171656 0.6364396443348534 0.05030907220870695 0.0716090702312723
0 0.7781800630353248 0.6394427056546117 0.09599427693097126 0.15772874846169618
0 0.7962765989432865 0.8475093794292785 0.1101113190854491 0.17044692446424156