0 0.34921875 0.24414715719063546 0.2078125 0.318561872909699
0 0.9765625 0.5384615384615384 0.04375 0.12040133779264214
0 0.9453125 0.6672240802675585 0.10625 0.1605351170568562
0 0.9203125 0.2976588628762542 0.15625 0.21070234113712374
0 0.93125 0.13043478260869565 0.134375 0.1505016722408027
0 0.91015625 0.027591973244147156 0.1765625 0.05518394648829431
0 0.91953125 0.43116308579491036 0.1359375 0.1145587812601223
0 0.52578125 0.8737458193979933 0.1828125 0.2491638795986622
0 0.1765625 0.8737458193979933 0.353125 0.2491638795986622
0 0.9546875 0.7801003344481605 0.0875 0.061872909698996656
0 0.92578125 0.9583859216325791 0.034375 0.028642127518128824
0 0.92109375 0.9148784743258351 0.03125 0.026950429090667447
0 0.903125 0.8403518772642532 0.0453125 0.04543263723163494
0 0.8875 0.9798866961637355 0.025 0.025239273038420284