0 0.38671875 0.121875 0.4140625 0.24375
0 0.6960205062465159 0.377103407244102 0.06449883723582168 0.10049693962968576
0 0.6938671329063407 0.5125321943895415 0.06913179508134419 0.0880333010660042
0 0.6108813952029809 0.7319185195251147 0.10202610831306043 0.10703783112023355
0 0.5743808138208918 0.6822033507762761 0.11773292154477702 0.12590903590796168
0 0.440625 0.9614583333333333 0.128125 0.07291666666666667
0 0.6556666543763631 0.8524003589740362 0.1145897408266178 0.12171812828374963
0 0.2796875 0.29791666666666666 0.303125 0.058333333333333334
0 0.625 0.31875 0.115625 0.1
0 0.6263119942444634 0.41826776854949266 0.13651928298109545 0.134387814986569
0 0.45984159085005893 0.6133025392994119 0.1443772347764936 0.14486508404709977