0 0.20570784404836137 0.32739446260345745 0.36882491470399825 0.279254432049634
0 0.90703125 0.41640625 0.1828125 0.2984375
0 0.2616663953691802 0.7399591919557749 0.0551965773392725 0.04438634667409058
0 0.2818441773949517 0.9295938566200022 0.029978401336727068 0.025345445337363513
0 0.27801010538667936 0.868692719287093 0.025290901336727067 0.025290901336727067
0 0.27493800735995333 0.6718268099538658 0.012609088001272717 0.009520450668363534
0 0.2737840400222717 0.6398046506206384 0.04580339600572705 0.04271475867281786
0 0.2984375 0.97890625 0.0625 0.0390625
0 0.2838317493634531 0.6975080626193658 0.011028406667727175 0.00793976933481808
0 0.29859477804740686 0.8246972712842295 0.023601132001908987 0.014335220003181704
0 0.29296875 0.60546875 0.0546875 0.0109375
0 0.4077612400540884 0.8726524186028211 0.045839758672817865 0.045839758672817865
0 0.8640625 0.7109375 0.26875 0.221875