0 0.0921875 0.2125 0.184375 0.296875
0 0.64765625 0.19296875 0.2640625 0.0953125
0 0.0640625 0.671875 0.128125 0.18125
0 0.7778498275714603 0.83046875 0.0800329336450254 0.059375
0 0.7711543999765589 0.75390625 0.08162270472226432 0.0640625
0 0.7565005057555366 0.51796875 0.08472952400410509 0.0609375
0 0.7554935594210874 0.88203125 0.03927157825883114 0.0359375
0 0.7283896621750031 0.6546875 0.10050906010845857 0.0875
0 0.72109375 0.378125 0.0890625 0.01875
0 0.80546875 0.965625 0.1203125 0.065625
0 0.7994390021412994 0.915625 0.0392443071815924 0.03125
0 0.7739056534926003 0.42109375 0.05969316256778647 0.0546875