0 0.07109375 0.25234741784037557 0.1421875 0.5046948356807511
0 0.71484375 0.11150234741784038 0.2390625 0.22300469483568075
0 0.08046875 0.7265258215962441 0.1609375 0.2934272300469484
0 0.58828125 0.971830985915493 0.0796875 0.051643192488262914
0 0.35390625 0.9647887323943662 0.0890625 0.06572769953051644
0 0.64765625 0.9460093896713615 0.0796875 0.10328638497652583
0 0.30390625 0.886150234741784 0.0484375 0.13380281690140844
0 0.9654330606976338 0.8836496187051733 0.056604524004104914 0.0925326242368241
0 0.7249807775201466 0.8348422190942836 0.07392837939029935 0.12804435331701172
0 0.5407057714700223 0.8057974906685746 0.11490790339440445 0.22030383075878676
0 0.4391978136245 0.7899375294585029 0.0818772347764936 0.1633921943201699
0 0.3078125 0.7429577464788732 0.05625 0.14788732394366197
0 0.94453125 0.744131455399061 0.1078125 0.23943661971830985
0 0.7114455183467644 0.6984461522369555 0.0787431444174139 0.16099014712078458