0 0.07890625 0.25859375 0.1578125 0.1640625
0 0.7276057373090465 0.05965419672723251 0.025345445337363513 0.029832945745273863
0 0.666722781309683 0.055321220731337606 0.025290901336727244 0.025145445745273866
0 0.8453744926400466 0.0761553746167214 0.009556813335454351 0.01567954215447771
0 0.7828835833068194 0.0757377389799061 0.05227157200827222 0.06123748184962734
0 0.9226000639720013 0.0858616518422803 0.006359088001272539 0.009411361436318443
0 0.963170519971365 0.09031280250621024 0.017442038669636162 0.021974993949875808
0 0.9381977919716832 0.08811449825148414 0.006322725334181811 0.006286361436318444
0 0.8585193826384557 0.08779685656454465 0.023782945337363515 0.029823855386194253
0 0.6691108899586382 0.18576724483363857 0.047420440006363404 0.04714771077238851
0 0.3921875 0.771875 0.33828125 0.16015625
0 0.85078125 0.62578125 0.2953125 0.2515625