0 0.2875 0.2609375 0.2671875 0.14765625
0 0.7507410559357302 0.2907330425472612 0.248621502705271 0.2858021863754999
0 0.13673419462127478 0.7941297115579554 0.2442067227084527 0.30921241529826116
0 0.8388795919796372 0.6017331332991243 0.08562951201463562 0.10830337939029935
0 0.6884250586410012 0.6416683077707676 0.09665791868236298 0.11617951190385671
0 0.8098626119510023 0.8128251694034777 0.09673064401654478 0.12242951190385662
0 0.7529399026098208 0.8709649223303441 0.11397268801718105 0.12721700585373252
0 0.83984375 0.5125 0.0921875 0.065625
0 0.67578125 0.5140625 0.0859375 0.06875
0 0.94375 0.94375 0.109375 0.109375
0 0.60625 0.515625 0.034375 0.071875