0 0.05482892144658127 0.14560040895354934 0.03137726502711473 0.022056807181592353
0 0.055228897246084416 0.21435040895354934 0.023555674668035032 0.020448855386194252
0 0.06579473428551434 0.41909245110802706 0.029842036104353653 0.026735216822512696
0 0.07506921945479136 0.26758903844204457 0.02199317466803503 0.020439765027114642
0 0.07850783684303816 0.3215134691602038 0.03766362646343317 0.028343168617910842
0 0.12505960821486467 0.13194697511213213 0.054923849336070064 0.04094316256778665
0 0.15516019867214012 0.06884298711418468 0.0628636143631848 0.0628636143631847
0 0.19921875 0.48984375 0.3984375 0.0953125
0 0.23515625 0.0375 0.1265625 0.075
0 0.72734375 0.321875 0.3 0.1265625
0 0.86640625 0.8015625 0.26328125 0.14296875