0 0.1671875 0.4125 0.334375 0.13125
0 0.8477962272438223 0.3325703360518612 0.15928518801718106 0.12839881468808995
0 0.2151886479949093 0.5161384560789054 0.03940794533736351 0.03014203333863612
0 0.20667616665340968 0.5762037994111783 0.031577264003817974 0.02848862667090888
0 0.20211484130331953 0.6996049367440873 0.03462953866963616 0.022274989337999783
0 0.18579150198918234 0.5579896014083147 0.023673857336090797 0.020585220003181658
0 0.19283819661045715 0.8924918707431327 0.04574885200509069 0.038027258672817865
0 0.17265625 0.49375 0.1140625 0.028125
0 0.1706472126432283 0.6507947194064057 0.10238066000954511 0.0714942866804539
0 0.14875457865213698 0.5849060900699967 0.07572725334181776 0.06337270401018133
0 0.15601090595163852 0.8342430187380423 0.0741829346753633 0.06491702267663593
0 0.1509319599379574 0.9349788154041786 0.07885225334181775 0.06340906667727228
0 0.0783773492998197 0.7239498613939972 0.12619996801399935 0.10457950668363561
0 0.74140625 0.78359375 0.4453125 0.3828125