0 0.3326317345801019 0.0453125 0.01572499394987581 0.0171875
0 0.11796875 0.15390625 0.2359375 0.3078125
0 0.80546875 0.28359375 0.290625 0.18359375
0 0.19061695140261464 0.784375 0.028343168617910842 0.0375
0 0.2890625 0.8375 0.196875 0.321875
0 0.9235743762670413 0.659375 0.04407725292686635 0.05625
0 0.7338533461146162 0.68046875 0.025172716822512698 0.0296875
0 0.7947635750373774 0.67578125 0.025145445745273953 0.025
0 0.615984590064492 0.69765625 0.009465903590796198 0.015625
0 0.9916158491396784 0.671875 0.011010222872636888 0.0125
0 0.6784800448849522 0.696875 0.0519170240041051 0.0609375
0 0.5386999273985096 0.7078125 0.00630454215447771 0.009375
0 0.4981021984757484 0.7125 0.017314765027114643 0.021875
0 0.523088562937129 0.71015625 0.006286361436318444 0.00625
0 0.965889141294156 0.68125 0.007876132513557366 0.0109375
0 0.6027715177575892 0.709375 0.023610216822512697 0.0296875
0 0.8386317497054124 0.69609375 0.014207945745273953 0.025
0 0.7916163700205254 0.80625 0.04714771077238851 0.046875