0 0.43046875 0.3703125 0.2546875 0.325
0 0.57109375 0.15234375 0.0234375 0.0390625
0 0.575 0.42890625 0.03125 0.0578125
0 0.98671875 0.07890625 0.0234375 0.0265625
0 0.98828125 0.253125 0.0203125 0.028125
0 0.9842118944174139 0.014949768101495332 0.023573855386194255 0.02371022000318166
0 0.98828125 0.4890625 0.0203125 0.025
0 0.9722527707826514 0.10777306743313178 0.031395445745273774 0.025363626670908877
0 0.9551925358097659 0.1294480727641319 0.031404536104353474 0.02692612667090888
0 0.9422016564194665 0.044927622095768324 0.032967036104353475 0.026944308004454333
0 0.9514691347530526 0.42938443809672283 0.03453862646343318 0.028524989337999785
0 0.9494702975172309 0.3543662567631774 0.031413626463433174 0.02848862667090888
0 0.9269635175611974 0.24551796809354115 0.0361102168225127 0.030105670671545237
0 0.9316156978865731 0.508054330760632 0.029842036104353476 0.026907945337363515
0 0.9224401649054776 0.4079543334261321 0.03765453610435347 0.02699885200509069
0 0.921875 0.53671875 0.034375 0.0234375
0 0.907850944959707 0.4515316107574504 0.032985216822512695 0.030069308004454242
0 0.9004929629136879 0.5295657040897231 0.03453862646343318 0.028524989337999785
0 0.8947924087571575 0.48965831942231414 0.03453862646343318 0.028524989337999785
0 0.883272084014368 0.1207992314210414 0.0392352168225127 0.030142033338636055
0 0.8836811501729507 0.1911117314210414 0.03766362646343317 0.02856135200509069
0 0.8863708546988232 0.3848799127545869 0.032967036104353475 0.02694430800445442
0 0.8670936138722054 0.2940367367520415 0.04085225897699054 0.039535214672181594
0 0.8493425116092691 0.19696174208304162 0.03924430718159222 0.03170453333863614
0 0.8380464633064714 0.26948163208145076 0.04082498789975162 0.0348477146721816
0 0.8357486859827166 0.41163276941435994 0.029842036104353653 0.026907945337363515
0 0.8337134873105765 0.3303645880808144 0.03301248789975162 0.03475680800445424
0 0.8291527314568439 0.21781913474695083 0.045539758976990544 0.03958975867281787
0 0.821357891294156 0.08648731874599633 0.03926248789975162 0.03482953333863614
0 0.8201590056573409 0.14896913741245088 0.05023634933607006 0.041206802673454314
0 0.8182526346548566 0.4926736840785873 0.03926248789975162 0.03482953333863605
0 0.80703125 0.01796875 0.0421875 0.0359375
0 0.7946454003693424 0.06039698607572379 0.048664758976990366 0.03962612133990877
0 0.7899134903356385 0.321261760741542 0.03453862646343318 0.028524989337999785
0 0.7687187046240684 0.035096994072223955 0.05023634933607006 0.041206802673454224
0 0.7759060533709633 0.4648390380728603 0.026726126463433177 0.02843408267027243
0 0.7723538064942213 0.3913651754057694 0.0376727168225127 0.03012385200509069
0 0.7692373759724538 0.2585254034054512 0.031404536104353654 0.02692612667090888
0 0.724910138170898 0.15879757606617878 0.0376727168225127 0.03012385200509069
0 0.7228219599868216 0.4712521227323151 0.020421584308955333 0.01898635733609062
0 0.7108789335468296 0.029736784731042486 0.0376908975406721 0.03324885200509069
0 0.7124515656676035 0.3000492847310425 0.0376908975406721 0.03324885200509069
0 0.6993056292921034 0.05460042472945166 0.040815897540672094 0.033285214672181554
0 0.7024685533709633 0.4639845153962243 0.0392352168225127 0.030142033338636055
0 0.6811015717177277 0.2824981580601336 0.03925339754067192 0.03326703333863605
0 0.6713776346548567 0.4909646387253154 0.03926248789975162 0.03482953333863605
0 0.6597947191602038 0.37989986939049736 0.03926248789975162 0.03482953333863605
0 0.6082094932625047 0.3753936353834977 0.040788626463433175 0.028597714672181595
0 0.597880526439992 0.3455879567154523 0.042378397540672005 0.03330339600572696
0 0.478125 0.77265625 0.159375 0.1421875
0 0.8359375 0.63125 0.228125 0.1625