0 0.24140625 0.26328125 0.1328125 0.2484375
0 0.28671875 0.69375 0.0421875 0.228125
0 0.77265625 0.86484375 0.03828125 0.08125
0 0.8078125 0.859375 0.03359375 0.078125
0 0.66796875 0.86484375 0.0203125 0.04765625
0 0.33203125 0.8796875 0.02421875 0.0578125
0 0.72265625 0.8390625 0.01953125 0.04921875
0 0.884375 0.825 0.04140625 0.078125
0 0.95703125 0.8140625 0.02578125 0.05234375
0 0.93046875 0.81484375 0.025 0.05078125
0 0.84765625 0.8046875 0.01875 0.040625
0 0.57265625 0.81171875 0.02734375 0.05078125
0 0.496875 0.81875 0.02734375 0.0546875
0 0.41171875 0.95234375 0.06328125 0.09140625
0 0.60859375 0.9328125 0.0578125 0.1140625
0 0.6828125 0.91171875 0.05078125 0.0953125