0 0.321875 0.1578125 0.253125 0.30625
0 0.91796875 0.2515625 0.1609375 0.15625
0 0.8671875 0.44296875 0.196875 0.0484375
0 0.83359375 0.07578125 0.1859375 0.1515625
0 0.41953125 0.7867258995837754 0.0546875 0.04250566256778665
0 0.40546875 0.5968003363520589 0.0296875 0.025172716822512698
0 0.4078125 0.6577514718906783 0.025 0.025145445745273866
0 0.3921875 0.47797306829988206 0.015625 0.007903403590796176
0 0.4046875 0.854608291172519 0.0125 0.009447722872636889
0 0.4046875 0.885858291172519 0.0453125 0.042451120413308986
0 0.390625 0.5404639779408025 0.059375 0.048782933645025485
0 0.39609375 0.8279957941975813 0.0109375 0.007876132513557366
0 0.38046875 0.47265625 0.0296875 0.0078125
0 0.38515625 0.7005884116840239 0.0234375 0.014198855386194253
0 0.384375 0.9318338665044841 0.053125 0.03155907220870695
0 0.27734375 0.6491799269075302 0.0453125 0.04557612041330898
0 0.6390625 0.88984375 0.33125 0.2171875