0 0.3328125 0.18515625 0.29609375 0.08671875
0 0.690625 0.11640625 0.221875 0.2328125
0 0.7438479104264873 0.857593289620395 0.06288179508134402 0.06598861436318479
0 0.72109375 0.3765625 0.0734375 0.053125
0 0.729614256246516 0.48425123839073086 0.0674693011314682 0.04882838544042354
0 0.7439540121984443 0.4365131751590144 0.11935905405833439 0.10537836729005097
0 0.7694802112633679 0.6144836390546609 0.08164088544042354 0.06766019867214013
0 0.7981763412428424 0.9189938770526084 0.06592498184962743 0.051944295081343836
0 0.7895512958669109 0.790142169207086 0.06757838544042354 0.06757838544042354
0 0.7979046722321481 0.6971279674116879 0.1788613190854491 0.1275988009350765
0 0.7859375 0.37734375 0.0625 0.0546875
0 0.799517690087933 0.5541546722321481 0.08631929508134392 0.06612496974937895
0 0.6083664910230095 0.3771477863989411 0.04552157825883123 0.036201120413308904
0 0.8602087086310892 0.8647285578689633 0.08791815651766247 0.07238406010845858
0 0.6452786002198329 0.8808222322424107 0.05188975292686626 0.05654998184962743
0 0.8647068737329586 0.4944024223303439 0.1365647347764936 0.10860336123992673
0 0.90390625 0.946875 0.1765625 0.103125
0 0.895728572994274 0.8020240247896719 0.07724427693097127 0.11763292759490121
0 0.9078125 0.371875 0.125 0.04375
0 0.94375 0.52109375 0.109375 0.1421875
0 0.95 0.8046875 0.096875 0.175
0 0.6446125423508694 0.4581841629605701 0.09590337334017515 0.10211701190385666
0 0.6604364884889268 0.6924591690106943 0.11627950585373252 0.11317268657189175
0 0.6580341720357564 0.5682585997288535 0.11468064441741399 0.10691359621281205
0 0.684375 0.95390625 0.11875 0.0890625
0 0.6599698976388678 0.3698165545493137 0.10644998789975162 0.03499314441741401
0 0.6962825640172834 0.8422455455723232 0.07546360831306051 0.08012383723582168
0 0.7022921903825207 0.7492449793155446 0.0706761143631847 0.06290906615858276