0 0.1390625 0.32265625 0.278125 0.2921875
0 0.76171875 0.290625 0.3 0.175
0 0.15859375 0.69375 0.3171875 0.209375
0 0.8328125 0.73125 0.0609375 0.065625
0 0.8046875 0.96953125 0.08125 0.0578125
0 0.7796875 0.66875 0.065625 0.05
0 0.7859375 0.7984375 0.065625 0.065625
0 0.77734375 0.89140625 0.1765625 0.125
0 0.71640625 0.721875 0.0859375 0.0703125
0 0.93203125 0.7109375 0.0515625 0.05625
0 0.6765625 0.63984375 0.175 0.1015625
0 0.68046875 0.78359375 0.075 0.115625
0 0.56640625 0.778125 0.209375 0.16875
0 0.546875 0.6140625 0.096875 0.05
0 0.9078125 0.5921875 0.0875 0.00625
0 0.4890625 0.8828125 0.08125 0.078125
0 0.4796875 0.66328125 0.159375 0.1484375
0 0.91328125 0.89765625 0.1109375 0.1109375
0 0.91640625 0.984375 0.1140625 0.028125
0 0.89375 0.634375 0.115625 0.090625
0 0.88046875 0.74765625 0.0734375 0.078125
0 0.87265625 0.840625 0.0703125 0.0609375