0 0.19453125 0.2859375 0.2078125 0.2625
0 0.44333347135581713 0.11742943627730411 0.10254429201145401 0.08496587334017516
0 0.46486521538827025 0.3566010205862595 0.059956802673454226 0.050345433645025396
0 0.47734375 0.38828125 0.1078125 0.0578125
0 0.5383187073519992 0.0898589481811608 0.09460452267663584 0.07398292154477706
0 0.5693243540340439 0.20331291500367352 0.1815419960216353 0.16042039129415606
0 0.625 0.0453125 0.128125 0.090625
0 0.3857022373488174 0.06553513817089807 0.0442227146721816 0.040879530054229285
0 0.7265625 0.40546875 0.15 0.0234375
0 0.3921805987030438 0.2194686592481369 0.04887385200509069 0.03778180113146812
0 0.4060072887094071 0.2664209273003137 0.08833634134309047 0.07238406010845858
0 0.1890625 0.7421875 0.21875 0.221875