0 0.64453125 0.19161861939049735 0.16875 0.217588584022908
0 0.9015625 0.5386492554105419 0.04375 0.055196577339272454
0 0.71171875 0.5544089733847704 0.025 0.029978401336727113
0 0.77265625 0.5519930453930427 0.025 0.025290901336727113
0 0.59375 0.5686612827020893 0.009375 0.015734088001272628
0 0.96953125 0.5535026434197687 0.009375 0.012609088001272672
0 0.9890625 0.553125 0.01875 0.046875
0 0.65625 0.569388536043907 0.05 0.06151930267345422
0 0.51640625 0.5763550566915898 0.00625 0.009447725334181811
0 0.47578125 0.5797885920194081 0.0171875 0.02207499466899989
0 0.50078125 0.5785169933561354 0.00625 0.006322725334181811
0 0.94375 0.561796401416269 0.0078125 0.01102840666772722
0 0.58046875 0.580225491366953 0.0234375 0.029960220003181704
0 0.81640625 0.5735958727323152 0.0140625 0.023601132001908987
0 0.7671875 0.6816169107256337 0.0453125 0.045839758672817865