0 0.3078125 0.2703125 0.4125 0.275
0 0.853125 0.08203125 0.290625 0.1640625
0 0.278125 0.9673350292686624 0.0296875 0.020485216822512697
0 0.2734375 0.8985577581914235 0.021875 0.01887726502711473
0 0.25 0.6952964028052293 0.028125 0.025163626463433085
0 0.25 0.8468589028052292 0.0203125 0.01886817466803503
0 0.24375 0.7936975413689108 0.0359375 0.02520907825883114
0 0.209375 0.98203125 0.053125 0.0328125
0 0.16015625 0.5375 0.3203125 0.25625
0 0.9171875 0.5546875 0.0203125 0.07265625
0 0.91640625 0.8046875 0.0203125 0.05078125
0 0.9109375 0.61171875 0.00859375 0.025
0 0.909375 0.88046875 0.00859375 0.0171875
0 0.90546875 0.7109375 0.0234375 0.07734375