0 0.55703125 0.2765625 0.13203125 0.178125
0 0.8236603879296851 0.3574423996819712 0.038027258672817865 0.04553066861791066
0 0.6772121019255488 0.38706120110802705 0.028579533338636054 0.039226126463433174
0 0.8668831292568673 0.40300942973620063 0.038027258672817865 0.045530668617910844
0 0.7672552992520947 0.43758844193464486 0.044331802673454136 0.050254530054229286
0 0.9755854199156857 0.46145825487177383 0.04593066534054522 0.05338862041330898
0 0.64296875 0.484375 0.0265625 0.046875
0 0.71953125 0.0078125 0.0328125 0.015625
0 0.98359375 0.0046875 0.0296875 0.009375
0 0.8454017646403649 0.033328188811386904 0.031722714672181594 0.04080680718159231
0 0.7750438113065012 0.0368253726528041 0.030142033338636055 0.0392352168225127
0 0.6724364319700923 0.058886204133089134 0.04111589600572714 0.04242384933607006
0 0.7699472313017287 0.07195435157556522 0.033285214672181596 0.04081589754067192
0 0.698680758633047 0.08638449023744262 0.03642839600572696 0.04239657825883114
0 0.64296875 0.09453125 0.0265625 0.0359375
0 0.7501705332988653 0.09293447208707004 0.039607940006363404 0.047102258976990455
0 0.8814205332988653 0.0936980622497579 0.0364102146721816 0.04083407825883114
0 0.8188659892982288 0.09802194788657319 0.04122498400699968 0.05179884933607006
0 0.9516148546308199 0.1042633784083407 0.04111589600572714 0.04242384933607006
0 0.908473381962138 0.11885714353365122 0.03964430267345413 0.05022725897699045
0 0.6480807746260473 0.13765609874689488 0.030105670671545327 0.0361102168225127
0 0.9339728212921837 0.14322588445846493 0.04122498400699968 0.05179884933607006
0 0.7111711206238202 0.1544305082896194 0.028506808004454244 0.032976126463433085
0 0.8114978372851841 0.19407933645025474 0.03170453333863606 0.0392443071815924
0 0.9418938619510022 0.20108838143340285 0.03482953333863605 0.03926248789975162
0 0.6714177299490933 0.21357824931262895 0.03482953333863605 0.03926248789975162
0 0.916739320615866 0.21422418568812893 0.03486589600572696 0.04238748789975162
0 0.6898131939449571 0.2441560836215843 0.0348477146721816 0.04082498789975162
0 0.63828125 0.33046875 0.0171875 0.0453125
0 0.359375 0.73828125 0.2484375 0.1484375
0 0.8457552059595927 0.7009787762436004 0.26368397605027044 0.37182149960721655