0 0.209375 0.14895833333333333 0.35 0.29791666666666666
0 0.54453125 0.14166666666666666 0.2109375 0.2833333333333333
0 0.37109375 0.6489583333333333 0.1328125 0.28958333333333336
0 0.29222229879377704 0.7166564393805033 0.1526442527304745 0.2490923531076305
0 0.36640625 0.434375 0.1421875 0.21458333333333332
0 0.22578125 0.390625 0.1421875 0.18125
0 0.10172456382089176 0.6889684711241212 0.166697662371395 0.24711810408325263
0 0.04609375 0.6010416666666667 0.0921875 0.22708333333333333
0 0.01796875 0.378125 0.0359375 0.15625
0 0.965625 0.5239583333333333 0.065625 0.35208333333333336
0 0.53671875 0.5072916666666667 0.1953125 0.33958333333333335
0 0.7199523890546609 0.7163736916527305 0.2279896863754999 0.32884080275539274
0 0.9407881055825861 0.4157124310518154 0.055123837235821684 0.10042421675704881