0 0.259375 0.2859375 0.1921875 0.35625
0 0.8140625 0.3546875 0.05703125 0.109375
0 0.8 0.1734375 0.0609375 0.12265625
0 0.78359375 0.5953125 0.05859375 0.13203125
0 0.71015625 0.30546875 0.0640625 0.12265625
0 0.68359375 0.234375 0.0671875 0.14296875
0 0.8578125 0.628125 0.046875 0.078125
0 0.86484375 0.36328125 0.046875 0.11328125
0 0.87109375 0.16796875 0.04921875 0.10625
0 0.63828125 0.4578125 0.059375 0.1390625
0 0.87265625 0.06328125 0.04921875 0.09453125
0 0.1351279371610669 0.79375 0.24970105991206673 0.2171875