0 0.3859375 0.33359375 0.24375 0.3171875
0 0.8315706242239379 0.36953125 0.2644998789975158 0.34375
0 0.43359375 0.8296875 0.1484375 0.246875
0 0.8556580848981306 0.9078125 0.01887726502711473 0.021875
0 0.93848422043675 0.90546875 0.01887726502711473 0.021875
0 0.8416910336684665 0.89140625 0.018904536104353477 0.0265625
0 0.8714194402843249 0.884375 0.020421584308955333 0.01875
0 0.658942166182024 0.88046875 0.026735216822512696 0.0296875
0 0.6152148920797229 0.8765625 0.033003397540672094 0.0328125
0 0.7058308017206434 0.878125 0.01887726502711473 0.021875
0 0.9730001210024841 0.88125 0.03303066861791084 0.0375
0 0.51328125 0.86640625 0.0078125 0.0265625
0 0.5504575004909793 0.86171875 0.02675339754067192 0.0328125
0 0.7707927263886785 0.8578125 0.03620112041330899 0.0453125
0 0.6381211269544125 0.83359375 0.042442030054229286 0.04375
0 0.6912506721339522 0.8328125 0.04093407220870695 0.053125
0 0.8405285094679698 0.82265625 0.06135565651766228 0.071875
0 0.7327250998270494 0.82109375 0.056586343285945875 0.0578125
0 0.5312398678792262 0.8078125 0.03933521077238851 0.046875
0 0.7104551900879331 0.7546875 0.1037613251355733 0.109375
0 0.6199029129605701 0.7421875 0.051935204722264317 0.0640625
0 0.93203125 0.7453125 0.1328125 0.234375
0 0.5359375 0.72734375 0.053125 0.1046875