0 0.22602089139081555 0.25625 0.33599532805536103 0.4078125
0 0.71171875 0.36875 0.1640625 0.21875
0 0.1203125 0.759375 0.240625 0.35
0 0.9482322460614062 0.89296875 0.08219542934436319 0.08125
0 0.7479958887253154 0.87265625 0.07443747334499946 0.0859375
0 0.6804265807208612 0.83984375 0.09013519867918127 0.0921875
0 0.8988220447167249 0.809375 0.09645792401336309 0.0984375
0 0.5109375 0.74921875 0.084375 0.1578125
0 0.5565612720400891 0.7359375 0.08112382535009015 0.1234375
0 0.6558885626989076 0.678125 0.1170431440165447 0.121875
0 0.54453125 0.534375 0.1484375 0.109375