0 0.23984375 0.22295843137331633 0.2046875 0.18363175469445325
0 0.86171875 0.34609375 0.2734375 0.2828125
0 0.16015625 0.8200350680696786 0.3125 0.286448766709089
0 0.77421875 0.6426714947087708 0.1015625 0.0855567866804539
0 0.79296875 0.881952170711316 0.059375 0.05069089067472703
0 0.8046875 0.9274010307129069 0.1046875 0.08559314934754489
0 0.86953125 0.615655556055043 0.09375 0.07452838001272669
0 0.89921875 0.7292822513924063 0.1796875 0.1614658533577261
0 0.94609375 0.5734375 0.1046875 0.0875
0 0.7171875 0.590445376034362 0.04375 0.041134077339272455
0 0.721875 0.7444061700349984 0.0484375 0.038063621339908774
0 0.73515625 0.7914357113701347 0.0875 0.07289315467854492