0 0.4015625 0.07265625 0.2625 0.1453125
0 0.78515625 0.08671875 0.3921875 0.1734375
0 0.31171875 0.696875 0.36015625 0.2328125
0 0.83359375 0.6859375 0.12890625 0.27421875
0 0.81015625 0.91640625 0.0859375 0.153125
0 0.8109375 0.5703125 0.03515625 0.053125
0 0.81640625 0.38125 0.0546875 0.09921875
0 0.81171875 0.45234375 0.06484375 0.14453125
0 0.7953125 0.84140625 0.01640625 0.034375
0 0.8140625 0.33125 0.028125 0.04296875
0 0.79609375 0.7890625 0.03203125 0.053125
0 0.796875 0.5171875 0.015625 0.0328125