0 0.384375 0.23125 0.20625 0.3125
0 0.884375 0.0625 0.225 0.125
0 0.60234375 0.109375 0.2265625 0.21875
0 0.15096941728995655 0.5711990312199066 0.17576471069381688 0.26801203981045013
0 0.6123085486553187 0.464542995181017 0.08871814934754481 0.14026208014461142
0 0.8493903779837735 0.5143019746211528 0.05227157200827222 0.08164997579950319
0 0.8937489053150918 0.5344390749328449 0.08875451201463562 0.14442874681127815
0 0.576842668642592 0.5892763446480148 0.07767156134627218 0.12767723679320173
0 0.686571657304274 0.6390891717348323 0.16777039735836255 0.24711810408325263
0 0.53046875 0.6989583333333333 0.0828125 0.17291666666666666
0 0.565625 0.40208333333333335 0.04375 0.025
0 0.9244336419478205 0.868032998559794 0.12674540802036277 0.20096963830182588
0 0.71875 0.41458333333333336 0.040625 0.05
0 0.7640625 0.4395833333333333 0.078125 0.1