0 0.43828125 0.221875 0.2390625 0.2125
0 0.9015625 0.0203125 0.1 0.040625
0 0.99140625 0.08984375 0.0140625 0.0546875
0 0.57109375 0.09921875 0.0234375 0.0921875
0 0.6383302052132437 0.12813244863941034 0.029887487899751576 0.034720445337363515
0 0.6983955516224475 0.14305746729791072 0.03608294574527386 0.025418170671545236
0 0.93046875 0.4359375 0.01796875 0.06171875
0 0.83828125 0.434375 0.03125 0.084375
0 0.61171875 0.45 0.021875 0.06953125
0 0.8609375 0.4671875 0.01640625 0.046875
0 0.9828125 0.47890625 0.03359375 0.11796875
0 0.80078125 0.46953125 0.015625 0.04921875
0 0.56875 0.471875 0.01640625 0.084375
0 0.7625 0.50546875 0.021875 0.06796875
0 0.890625 0.53984375 0.04140625 0.1203125
0 0.74296875 0.5453125 0.01953125 0.084375
0 0.64296875 0.54296875 0.034375 0.1203125
0 0.70703125 0.59609375 0.0890625 0.265625
0 0.615625 0.60625 0.05390625 0.165625
0 0.8265625 0.6203125 0.05625 0.17109375
0 0.8984375 0.375 0.01484375 0.03984375
0 0.78515625 0.38203125 0.015625 0.046875
0 0.89375 0.41484375 0.015625 0.04921875
0 0.6453125 0.403125 0.03125 0.0921875
0 0.68828125 0.40859375 0.03203125 0.06796875