0 0.14765625 0.17734375 0.2953125 0.2984375
0 0.68671875 0.328125 0.2546875 0.215625
0 0.2859375 0.6328125 0.36875 0.228125
0 0.57421875 0.6546875 0.0296875 0.075
0 0.57109375 0.58671875 0.0234375 0.0609375
0 0.59140625 0.81015625 0.0640625 0.0671875
0 0.59921875 0.86015625 0.0796875 0.0671875
0 0.5921875 0.759375 0.065625 0.065625
0 0.59296875 0.69453125 0.0671875 0.0640625
0 0.6 0.63046875 0.08125 0.0890625
0 0.6156580786123661 0.8994262656162899 0.06775112133990877 0.04882838544042354
0 0.640625 0.96953125 0.121875 0.0578125
0 0.6417842266072754 0.9367717295119362 0.0709852093411815 0.05822156615858276
0 0.7169585913033195 0.7199427778147341 0.09331474267981754 0.09741133118569749