0 0.0078125 0.55859375 0.015625 0.0234375
0 0.01015625 0.48984375 0.0203125 0.0203125
0 0.0408677112905929 0.28828125 0.029996582670272432 0.0265625
0 0.03364446260345737 0.4390625 0.020530676002545434 0.01875
0 0.042066037277229816 0.38671875 0.03780908267027243 0.0265625
0 0.06794564258436742 0.5796875 0.053579533338636055 0.0390625
0 0.09139168590868607 0.64609375 0.06162839067472703 0.059375
0 0.14375 0.13515625 0.2875 0.2703125
0 0.16640625 0.67578125 0.1265625 0.0453125
0 0.5847802486075937 0.39765625 0.2716408320337257 0.2484375
0 0.14375 0.8890625 0.2875 0.21875