0 0.12890625 0.39140625 0.2578125 0.1921875
0 0.8578125 0.4453125 0.18125 0.084375
0 0.225 0.8838311410977642 0.2671875 0.22655445140261463
0 0.50390625 0.63515625 0.2578125 0.2921875
0 0.95390625 0.72265625 0.0890625 0.0921875
0 0.60546875 0.697908318398078 0.0484375 0.08621930113146821
0 0.7875 0.7145923452308535 0.0921875 0.1317863311856975
0 0.71875 0.7141923694313503 0.134375 0.1539067708808471
0 0.83515625 0.7281508511827818 0.040625 0.06898634933607006
0 0.39296875 0.69765625 0.0484375 0.0796875
0 0.65078125 0.7403594388113869 0.03125 0.0376818071815924
0 0.9546875 0.81484375 0.0875 0.1265625