0 0.09609375 0.315625 0.1921875 0.38125
0 0.02578125 0.978125 0.0515625 0.040625
0 0.11805302488786787 0.9473961330045366 0.029932939695149673 0.042360216822512696
0 0.22427120863108918 0.9522467385871227 0.029923849336070063 0.040797716822512695
0 0.9859375 0.91328125 0.025 0.0703125
0 0.9578125 0.8921875 0.08125 0.103125
0 0.539787645202981 0.8626433622218854 0.08814541549465282 0.11144656010845858
0 0.9166183107958297 0.8143588356836975 0.0959488251355733 0.10992951190385672
0 0.7447933077707676 0.8067650251824554 0.10691359621281223 0.11468064441741407
0 0.8621313195764284 0.645931543431024 0.07718973477649378 0.1082579275949013
0 0.5066352984991895 0.6526871001216369 0.10072722872636941 0.12558178298109554
0 0.8998949399897374 0.6004008748131131 0.09913745764913032 0.12088519262201594
0 0.4796875 0.596875 0.059375 0.13125
0 0.96015625 0.56796875 0.0765625 0.0765625
0 0.7765625 0.95546875 0.0875 0.0859375
0 0.5421875 0.9578125 0.09375 0.08125
0 0.63984375 0.55 0.1140625 0.040625