0 0.184375 0.1625 0.346875 0.325
0 0.48515625 0.13783909138286138 0.06875 0.044549978675999566
0 0.6 0.46796875 0.059375 0.0390625
0 0.05546875 0.8953970527132251 0.075 0.05556020401018138
0 0.0609375 0.9470231873806341 0.071875 0.04927384134309047
0 0.05546875 0.7438345527132252 0.04375 0.0301965773392725
0 0.0796875 0.8238038633831796 0.0453125 0.028652258672817864
0 0.1125 0.99453125 0.04375 0.0078125
0 0.1046875 0.6069072647199066 0.046875 0.03960794000636332
0 0.09921875 0.50390625 0.0515625 0.0296875
0 0.0234375 0.65703125 0.046875 0.0859375
0 0.02890625 0.76484375 0.0578125 0.0765625
0 0.6015625 0.7171875 0.37578125 0.12890625