0 0.27734375 0.24140625 0.3421875 0.1734375
0 0.7250225600731784 0.15628740319801268 0.20919537603436203 0.25432492739850954
0 0.15125451201463572 0.3658896621750031 0.04260567067154515 0.03618293969514967
0 0.21012262404517976 0.5912169151018694 0.053579533338636055 0.03937157220870704
0 0.2645043254296319 0.968070306592417 0.08501134667409058 0.05517837939029935
0 0.33525098806490605 0.7372475534691592 0.09931020401018138 0.07557269262201594
0 0.10863175469445326 0.46251013212077385 0.02049431333545444 0.015743174668035032
0 0.11735332137172554 0.540680583916172 0.0315227200031817 0.023619307181592396
0 0.65234375 0.6359375 0.125 0.14765625
0 0.70703125 0.8921875 0.1046875 0.171875
0 0.71328125 0.43203125 0.09921875 0.1921875