0 0.196875 0.115625 0.39375 0.065625
0 0.725 0.11875 0.090625 0.2375
0 0.36171875 0.7265625 0.14765625 0.228125
0 0.88046875 0.63984375 0.03671875 0.12265625
0 0.87109375 0.43359375 0.0390625 0.1375
0 0.86171875 0.9140625 0.0375 0.14765625
0 0.81328125 0.5890625 0.040625 0.1375
0 0.79609375 0.50859375 0.04296875 0.1609375
0 0.909375 0.9515625 0.03046875 0.09296875
0 0.91328125 0.646875 0.0296875 0.1265625
0 0.91640625 0.425 0.03125 0.11875
0 0.76796875 0.7640625 0.03828125 0.15625
0 0.9171875 0.30546875 0.03125 0.10546875