0 0.2125 0.05 0.046875 0.1
0 0.5936585755283567 0.07680128011335663 0.09127950585373235 0.1507029877688238
0 0.9609375 0.09583333333333334 0.075 0.15
0 0.4457296147559681 0.13815589486932478 0.10226245764913058 0.1612044977869002
0 0.8020432472695255 0.12633603069619526 0.11004768657189175 0.15501510018076428
0 0.203125 0.28020833333333334 0.028125 0.18541666666666667
0 0.9308626179774219 0.32630036376767296 0.07875223477649343 0.1443560239386412
0 0.5768018318730684 0.35897174199229503 0.1022988190854491 0.16953783112023355
0 0.959375 0.38229166666666664 0.078125 0.16458333333333333
0 0.5233223078689634 0.439809645714019 0.11952268052176755 0.17800448972006797
0 0.7205922176080797 0.529884552945448 0.11630677693097127 0.157146915429189
0 0.3296875 0.013541666666666667 0.090625 0.027083333333333334
0 0.053125 0.70625 0.10625 0.175
0 0.378125 0.7125 0.378125 0.1875