0 0.14296875 0.0921875 0.2703125 0.184375
0 0.78671875 0.465625 0.10625 0.115625
0 0.67265625 0.4578125 0.071875 0.071875
0 0.5921875 0.45078125 0.0796875 0.0625
0 0.3421875 0.41171875 0.084375 0.1046875
0 0.93671875 0.4390625 0.059375 0.065625
0 0.603125 0.38125 0.109375 0.1171875
0 0.48828125 0.375 0.10625 0.1390625
0 0.96875 0.38671875 0.059375 0.1203125
0 0.83125 0.36796875 0.1453125 0.165625
0 0.2359375 0.88203125 0.0265625 0.0375
0 0.12890625 0.80625 0.225 0.334375
0 0.86953125 0.7734375 0.2578125 0.296875