0 0.27890625 0.4359375 0.3390625 0.303125
0 0.4966221033577261 0.1609375 0.06653406667727228 0.078125
0 0.5095135493714074 0.26171875 0.07267497867599956 0.06875
0 0.6097510013924063 0.41640625 0.10408861067790856 0.0828125
0 0.6420816960534521 0.375 0.12143974267981754 0.096875
0 0.8015625 0.5640625 0.134375 0.046875
0 0.5749225627386785 0.51171875 0.11829656134627217 0.0953125
0 0.8734375 0.040625 0.25 0.08125
0 0.5599573500159083 0.0984375 0.11835110534690844 0.1
0 0.5687698233609078 0.184375 0.1402806493475448 0.1046875
0 0.7499300113780889 0.3109375 0.14818405601527207 0.1125
0 0.18125 0.709375 0.3625 0.240625
0 0.6727322593889065 0.8796875 0.1262545120146356 0.1078125