0 0.4416405158126816 0.23514880136058966 0.26045675273047453 0.18895560136854392
0 0.91875 0.25390625 0.159375 0.2359375
0 0.18515625 0.7578125 0.03203125 0.1
0 0.15546875 0.65390625 0.01484375 0.03125
0 0.140625 0.61015625 0.0078125 0.02265625
0 0.1390625 0.9625 0.00625 0.0359375
0 0.13828125 0.575 0.01328125 0.04765625
0 0.13515625 0.6359375 0.0078125 0.0296875
0 0.10234375 0.59375 0.03046875 0.1171875
0 0.09453125 0.51328125 0.03125 0.109375
0 0.07421875 0.4515625 0.0171875 0.05390625
0 0.61640625 0.6375 0.45 0.15078125