0 0.16437000956616563 0.44391149388857754 0.1946590359079618 0.23643523684638132
0 0.6624029885871227 0.4162485668152149 0.07073065651766246 0.10859578014434969
0 0.691018347096575 0.4911132854736593 0.03928066861791084 0.05667945010627687
0 0.6894654583365016 0.28690841867721906 0.04083407825883114 0.05434568914339164
0 0.7180995184449601 0.15520719582135706 0.05810339149054773 0.0756226753591675
0 0.7547581393492484 0.5738866868298819 0.10354315651766247 0.10888257457165049
0 0.7503989340378089 0.08567840354172189 0.07056703005422929 0.06634225901758913
0 0.790625 0.05868544600938967 0.225 0.11737089201877934
0 0.8172677505891752 0.3691218880563309 0.14449540944452863 0.19374469563992464
0 0.61484375 0.6091549295774648 0.0359375 0.035211267605633804
0 0.6162370365953328 0.23355968159063428 0.03927157825883123 0.05433203226590115
0 0.64921875 0.6009389671361502 0.0421875 0.051643192488262914
0 0.0109375 0.8568075117370892 0.021875 0.07511737089201878
0 0.058124033864858315 0.9133753591914547 0.04562157220870704 0.08020825601999472
0 0.060181958434697515 0.7854274300134949 0.08157725292686617 0.08521719988302742
0 0.08628137100248408 0.703042467121756 0.09883747579950324 0.1041467682584277
0 0.13936494350577872 0.915012619402324 0.13018746974937886 0.13024150205236906
0 0.1412910578689634 0.8211022489098102 0.07542724687674199 0.1109841686171969
0 0.20480865720503347 0.7595162815216794 0.07540906615858275 0.10628933293644571
0 0.25703125 0.6690140845070423 0.2390625 0.07981220657276995
0 0.33923365417997137 0.7454309919354303 0.21787836729005097 0.1803020618397248
0 0.3609375 0.9002347417840375 0.246875 0.19483568075117372
0 0.59609375 0.8403755868544601 0.0921875 0.2112676056338028