0 0.31188341822512733 0.2734532190620079 0.15901242739850954 0.20716812626704134
0 0.5947509812604521 0.42916234269677067 0.10225336729005097 0.11934087334017515
0 0.702776583817976 0.33213787265280414 0.03155907220870695 0.0533068071815924
0 0.7477981923274284 0.28240149306611306 0.023610216822512697 0.029823855386194253
0 0.7829226260706497 0.2771372761454044 0.04716589149054773 0.050272710772388506
0 0.7242425176593933 0.2619526376799188 0.0298602168225127 0.0298602168225127
0 0.98828125 0.2546875 0.0203125 0.034375
0 0.9568686652982612 0.2312758511827818 0.0739011083130606 0.08011474687674199
0 0.7735789214465811 0.14818102917046652 0.11942268657189174 0.11631586729005097
0 0.8539158612399268 0.12599293266306683 0.11161018657189174 0.11627041549465282
0 0.9425965661585828 0.06088608313060504 0.10194429508134402 0.06621587334017516
0 0.38203125 0.83515625 0.2515625 0.3265625
0 0.7632787883438488 0.8634413730455875 0.23594763212077385 0.2716760538619427