0 0.09921875 0.35 0.1984375 0.15625
0 0.69765625 0.1890625 0.34609375 0.1140625
0 0.20482631704234552 0.9248337691323313 0.059747704722264317 0.0644079336450254
0 0.2171875 0.4484375 0.071875 0.0375
0 0.21090516286237423 0.5513735432346322 0.06588862041330898 0.04569429508134393
0 0.1955574188143025 0.5038081968254284 0.11620678298109546 0.1006726865718917
0 0.17420407269968638 0.6828326214934635 0.07850679508134384 0.0660795179539809
0 0.1515625 0.98125 0.065625 0.034375
0 0.15755186212368955 0.8594860250842598 0.06443520472226431 0.06443520472226431
0 0.1471552384889268 0.7665809075978169 0.1757090480082102 0.12289312021691723
0 0.15390625 0.4515625 0.0609375 0.04375
0 0.14173246116517202 0.6244297690341354 0.0831761143631848 0.06298178903121973
0 0.33046875 0.44296875 0.0453125 0.0265625
0 0.0883518893492484 0.9372297508837628 0.08477497579950324 0.06924087939029935
0 0.3039314375538503 0.9437877813307756 0.05031816256778665 0.05497839149054791
0 0.07565800927157795 0.5677848592950191 0.13341246369925486 0.10389768052176751
0 0.051987663353353496 0.8765058743221339 0.07253859621281222 0.11448065651766229
0 0.046875 0.44921875 0.09375 0.0390625
0 0.025 0.59921875 0.05 0.1359375
0 0.02109375 0.884375 0.0421875 0.165625
0 0.2946716296848869 0.5211997090238727 0.09276019262201593 0.09897383118569744
0 0.2839376210024841 0.7548480011783504 0.11001132513557313 0.1100113251355733
0 0.2838745093697739 0.6314150463578903 0.11152837334017533 0.10220791549465283
0 0.26640625 0.9875 0.1140625 0.021875
0 0.27890625 0.43984375 0.1078125 0.0203125
0 0.2525825609922213 0.9073690131804029 0.0738920179539809 0.07855224687674198
0 0.24374389217791884 0.8152360553348806 0.06909543364502539 0.059774975799503194
0 0.83203125 0.64296875 0.3328125 0.3546875