0 0.44140625 0.36953125 0.2171875 0.2359375
0 0.47265625 0.94765625 0.0859375 0.1015625
0 0.23333311212368954 0.9245972739497296 0.050345433645025396 0.059956802673454136
0 0.18887913017586627 0.9118341919557749 0.08498405405833438 0.10566929201145392
0 0.02578125 0.890625 0.0515625 0.10625
0 0.5040364975641131 0.8542644032463678 0.07398292154477701 0.09460452267663584
0 0.392508645104785 0.822751868594867 0.16042039129415606 0.1815419960216353
0 0.54296875 0.76875 0.0703125 0.128125
0 0.5203125 0.99140625 0.04375 0.0140625
0 0.1473602924490653 0.6631154286282746 0.12115790339440444 0.14671246268299926
0 0.36796875 0.9859375 0.0390625 0.025
0 0.32109375 0.96875 0.0734375 0.059375
0 0.6875 0.78359375 0.215625 0.3765625