0 0.4484375 0.309375 0.078125 0.234375
0 0.13359375 0.30703125 0.2671875 0.2078125
0 0.98515625 0.11796875 0.0265625 0.1015625
0 0.96953125 0.571875 0.0578125 0.090625
0 0.9078125 0.15234375 0.18125 0.1296875
0 0.903125 0.43671875 0.190625 0.1609375
0 0.89921875 0.5984375 0.0953125 0.0375
0 0.8284671612826386 0.33537716271481594 0.07897952267663592 0.07434656667727228
0 0.82265625 0.05625 0.1703125 0.1125
0 0.778125 0.553125 0.259375 0.128125
0 0.7033420813176371 0.07607379336408951 0.09217041335136286 0.13386701734563583
0 0.6929830999363665 0.4291260680299077 0.0858295066836356 0.12598179201145393
0 0.7183830892743663 0.841844244032453 0.3482215133672712 0.2540180747135434