0 0.06953125 0.39296875 0.1390625 0.1109375
0 0.059375 0.0515625 0.11875 0.103125
0 0.83203125 0.2265625 0.33359375 0.16953125
0 0.37734375 0.7109375 0.0421875 0.184375
0 0.7359375 0.5800399404807166 0.1125 0.11784200585373247
0 0.5984375 0.649589892079723 0.103125 0.16153746369925476
0 0.475 0.70234375 0.15 0.1921875
0 0.825 0.7123342900131784 0.1875 0.2401533430895541
0 0.95625 0.71328125 0.084375 0.1828125
0 0.7015625 0.7630524283804682 0.1015625 0.13340337334017516
0 0.95859375 0.484375 0.0796875 0.06875