0 0.22890625 0.40390625 0.2734375 0.1078125
0 0.72265625 0.253125 0.3265625 0.10546875
0 0.31578408128389335 0.49304694875872307 0.11594316256778665 0.05603291868236291
0 0.31706984621281203 0.5797747894254958 0.07229315651766229 0.07271134134309047
0 0.3167612948849522 0.661015698758723 0.06139201795398073 0.07883407200827239
0 0.30105097823539007 0.9147219540897231 0.10205337939029935 0.08555678668045381
0 0.2464169786281735 0.6547287887491781 0.1162431444174139 0.10759541868236289
0 0.25099591520006526 0.7703992420830417 0.13810905405833437 0.10628745735199914
0 0.21495737948849528 0.4840617527450418 0.16428975897699055 0.0409715400222717
0 0.2234375 0.9921875 0.153125 0.0125
0 0.625 0.74296875 0.421875 0.15234375