0 0.4157566480744511 0.5323816214194507 0.06818747334499946 0.08671929734245402
0 0.15480096674090568 0.5277828387173613 0.06820565467854492 0.08828179734245403
0 0.0234375 0.50234375 0.046875 0.0890625
0 0.2700805214035422 0.49944075739972416 0.09171588001272664 0.09480451734563573
0 0.5403566587364514 0.4994611281030862 0.06980451734563572 0.09142497867599957
0 0.8 0.3234375 0.05859375 0.2
0 0.5559805640515432 0.899153140117722 0.01894999466899989 0.017405676002545344
0 0.4278010200509067 0.8929747707669954 0.02856135200509069 0.03782726400381797
0 0.36829875071608864 0.8813463800922685 0.026907945337363515 0.02999658267027261
0 0.58359375 0.878125 0.0078125 0.021875
0 0.5713146627148159 0.8743349534531764 0.0253818080044546 0.03310340133672707
0 0.24475216271481592 0.8705350547421784 0.020694308004454244 0.033048857336090795
0 0.38681239337999784 0.8612520560948138 0.01900453866963616 0.022093176002545345
0 0.052364668045816035 0.8511112507160886 0.0364465773392725 0.044168170671545236
0 0.4913726240451798 0.8515327054423587 0.09654883068109008 0.10735906134627218
0 0.2944067173774526 0.8414293574156325 0.06677042401336308 0.09920111600890866
0 0.36137604137490714 0.8234611547580867 0.060211341343090474 0.07256589067472685
0 0.11133967870781625 0.8174271413908155 0.06175566000954511 0.0710215720082723
0 0.02109375 0.80703125 0.0421875 0.0765625
0 0.578125 0.7859375 0.01875 0.075
0 0.2245476560311804 0.745316878739633 0.09827496268299925 0.12143974267981754
0 0.7984375 0.6796875 0.29375 0.2