0 0.325 0.153125 0.01875 0.0140625
0 0.44375 0.25703125 0.140625 0.0859375
0 0.1078125 0.62890625 0.16875 0.1984375
0 0.8365562126829993 0.6345593358927777 0.1107567813494537 0.12002269334818112
0 0.7231749653484993 0.6272837325748224 0.07587270401018138 0.07587270401018138
0 0.6418795120146357 0.6243229119191855 0.0819954346753633 0.0650079293443631
0 0.3872374653484993 0.6311927192870931 0.0902806493475448 0.10572383601209037
0 0.97421875 0.6796875 0.0484375 0.06875
0 0.6442601720241807 0.6946172305856401 0.11389996268299925 0.12162155601527207
0 0.5292982433561353 0.6857973086012302 0.1125920013526354 0.14347837468172656
0 0.98671875 0.7390625 0.0234375 0.128125
0 0.868215840030226 0.7365485498886415 0.15354426535645374 0.1720760893539081
0 0.2625 0.7046875 0.10625 0.159375