0 0.07421875 0.22578125 0.1484375 0.3421875
0 0.6890625 0.17265625 0.46484375 0.2984375
0 0.03125 0.66875 0.0625 0.11875
0 0.10649439793345543 0.7799827800763601 0.03155907220870695 0.05348862667090888
0 0.14523419018612901 0.8359060634149962 0.023610216822512697 0.029960220003181704
0 0.17955464803165136 0.845681052752996 0.04715680113146803 0.048982940006363405
0 0.11935294623625321 0.8527935714114964 0.0298602168225127 0.030032945337363514
0 0.33359375 0.915625 0.0484375 0.08125
0 0.1546875 0.95625 0.11875 0.084375
0 0.23125 0.97265625 0.1125 0.0515625
0 0.42421875 0.57109375 0.0734375 0.0421875
0 0.37265625 0.5671875 0.0265625 0.034375
0 0.9430773134281083 0.5931576787873581 0.07234769867214012 0.08208634134309048
0 0.81796875 0.5921875 0.0765625 0.084375
0 0.9828125 0.6078125 0.03125 0.0875
0 0.8687812953759316 0.6055753154439495 0.05501475292686635 0.05688634667409058
0 0.9015847050168521 0.6075196234484037 0.023655668617910665 0.03777272000318166
0 0.5796875 0.5890625 0.06875 0.078125
0 0.63131765681225 0.5965617527450419 0.0645806504675381 0.08980793467536322
0 0.5297778827099491 0.591473716064588 0.06290906615858276 0.07103975334181781
0 0.4657062923508694 0.5922907813892248 0.06136474687674198 0.07414657200827235
0 0.40234375 0.6 0.0859375 0.0875
0 0.6702392562465158 0.621235036083678 0.04725679508134384 0.06617044000636332
0 0.7630716508603216 0.645754325429632 0.09755677693097127 0.11831474267981754
0 0.7083750605012421 0.6466804787555414 0.05665906615858276 0.07096702800763603
0 0.4923046329063408 0.72073395472627 0.0958397408266178 0.09173406134627218