0 0.3027876149523599 0.3015955786123662 0.2954771682251273 0.30029309070654364
0 0.7514796450065891 0.22641485996181993 0.05022725897699036 0.03964430267345431
0 0.7681000393258073 0.0551392966263655 0.05810339149054773 0.05067270934118144
0 0.7813160941697086 0.46901998329091105 0.06279998184962743 0.052289753341817756
0 0.7815853015242517 0.1541944146244565 0.04397725897699036 0.03957157733927241
0 0.79140625 0.00859375 0.0515625 0.0171875
0 0.8083598623200812 0.5202643099538657 0.0722295240041051 0.061773841343090476
0 0.8037274253554061 0.37657794462127486 0.05337953005422928 0.04436816534054522
0 0.25 0.65625 0.4375 0.1125
0 0.7186120819712644 0.893955801281048 0.12244769262201594 0.0998556440165446
0 0.7140625 0.6390625 0.1375 0.078125
0 0.766587015419898 0.7043478612746845 0.03452953610435365 0.026962489337999784
0 0.771038166083828 0.7449183172740482 0.031395445745273774 0.025363626670908877
0 0.788602395104785 0.8142404819382755 0.04555793969514958 0.04271475867281786
0 0.8049864400879331 0.6835899186028211 0.025136355386194253 0.023728401336727066