0 0.284375 0.18203125 0.265625 0.3328125
0 0.54140625 0.2875 0.2453125 0.3
0 0.38145853799331847 0.49936277279594854 0.05861247867599957 0.06942270934118147
0 0.3468017273233642 0.5231815334579488 0.09651246801399935 0.10423406134627214
0 0.30599436664545543 0.60553040945254 0.10130905601527189 0.11366360534690848
0 0.13538187464195567 0.6293298940960865 0.11230110001590835 0.11847837468172662
0 0.26569498862191115 0.7785224667806766 0.08252269334818116 0.1103204293443631
0 0.30740977394972974 0.8196383627864036 0.10299882535009033 0.12461928668045386
0 0.375 0.878125 0.084375 0.146875
0 0.1550323979949093 0.48500772943185916 0.08993520401018137 0.07603633601209037
0 0.05859375 0.9328125 0.1171875 0.121875
0 0.71953125 0.71875 0.5578125 0.559375