0 0.13046875 0.1 0.2609375 0.2
0 0.73515625 0.2296875 0.3109375 0.25625
0 0.459375 0.63671875 0.23671875 0.23203125
0 0.9359375 0.48125 0.01796875 0.0609375
0 0.84921875 0.46875 0.03125 0.08203125
0 0.63203125 0.46015625 0.02109375 0.06796875
0 0.8703125 0.503125 0.01640625 0.046875
0 0.984375 0.5265625 0.03046875 0.11640625
0 0.8125 0.4984375 0.015625 0.046875
0 0.59140625 0.47578125 0.01640625 0.08046875
0 0.77578125 0.5296875 0.02109375 0.06640625
0 0.89765625 0.57578125 0.040625 0.11796875
0 0.75625 0.565625 0.01875 0.08203125
0 0.66171875 0.55234375 0.034375 0.11640625
0 0.721875 0.60859375 0.08671875 0.259375
0 0.63515625 0.61015625 0.053125 0.1609375
0 0.83515625 0.6453125 0.05546875 0.16640625
0 0.90625 0.41796875 0.0140625 0.0375
0 0.7984375 0.4140625 0.015625 0.04453125
0 0.9015625 0.45625 0.015625 0.046875
0 0.66484375 0.41953125 0.03046875 0.09140625
0 0.70625 0.42890625 0.03125 0.06640625