0 0.3327700307416004 0.23828125 0.24332379488495218 0.1953125
0 0.86875 0.30546875 0.259375 0.1859375
0 0.1484375 0.6984375 0.296875 0.246875
0 0.17578125 0.47109375 0.2046875 0.1421875
0 0.21322969038252068 0.80234375 0.08463862041330898 0.0453125
0 0.221875 0.96953125 0.13125 0.0578125
0 0.22428484416970865 0.91640625 0.15075449980360833 0.1296875
0 0.2178818707078965 0.53984375 0.0376818071815924 0.03125
0 0.22227847921734875 0.58984375 0.0768352107723885 0.046875
0 0.25357743443059244 0.85 0.0376727168225127 0.0296875
0 0.859375 0.57890625 0.240625 0.3171875