0 0.13359375 0.1859375 0.2671875 0.371875
0 0.6229427725970942 0.3546875 0.25839649204327075 0.31875
0 0.01015625 0.80078125 0.0203125 0.0828125
0 0.18035801997136494 0.7921875 0.07443747334499946 0.0859375
0 0.250406890634956 0.81484375 0.09013519867918127 0.0921875
0 0.04375 0.8765625 0.0875 0.1
0 0.42265625 0.88046875 0.0703125 0.1578125
0 0.38533532662318387 0.9015625 0.08112382535009033 0.1234375
0 0.29375 0.9546875 0.11875 0.0875
0 0.515625 0.9328125 0.1125 0.13125
0 0.5682841866247746 0.89296875 0.14100790268936264 0.1671875
0 0.61796875 0.746875 0.1203125 0.075
0 0.69375 0.734375 0.10625 0.05
0 0.74921875 0.92265625 0.1546875 0.1515625
0 0.77421875 0.728125 0.1015625 0.0375
0 0.88984375 0.728125 0.1265625 0.0375
0 0.9375 0.8734375 0.121875 0.15625