0 0.47578125 0.37265625 0.0640625 0.0296875
0 0.4328125 0.33671875 0.121875 0.1015625
0 0.04140625 0.33671875 0.0828125 0.1015625
0 0.08515625 0.30625 0.1265625 0.1625
0 0.1793842239417754 0.30567887002052546 0.04912839067472685 0.059656801131468026
0 0.24913364994432072 0.28733339099956845 0.09026246801399936 0.1036431504675381
0 0.775 0.303125 0.221875 0.16875
0 0.3136217692552763 0.9249940349260031 0.049182934675363124 0.0643443011314682
0 0.27473199192395803 0.9099230259490128 0.09504087468172653 0.11148292154477701
0 0.08812232992523068 0.8994617280389985 0.12676358935390813 0.15228972872636942
0 0.28046656063018344 0.6185304114876321 0.08370338534372675 0.07704428903121974
0 0.6515625 0.56875 0.0984375 0.2203125