0 0.3328125 0.15625 0.23125 0.3125
0 0.34296875 0.4270833333333333 0.2015625 0.14166666666666666
0 0.3 0.019791666666666666 0.0875 0.03958333333333333
0 0.29831686367581367 0.35743127901551947 0.03768180718159222 0.042248469340120685
0 0.2933384721852659 0.29083733768303477 0.0768352107723885 0.06368784712496924
0 0.82109375 0.32083333333333336 0.3546875 0.3541666666666667
0 0.24861073770335987 0.6507563181095203 0.2714669756031114 0.2687771609378159
0 0.9285896500747548 0.912397194568247 0.032976126463433175 0.03800907733927244
0 0.9203125 0.98125 0.09375 0.03333333333333333
0 0.9312055899662962 0.7956820443454592 0.1082761083130606 0.10792268268618095
0 0.95625 0.6458333333333334 0.084375 0.10416666666666667
0 0.9230198643631848 0.5312077990133984 0.04081589754067192 0.0443802862295754