0 0.23359375 0.37578125 0.2453125 0.2046875
0 0.03828125 0.3796875 0.0765625 0.196875
0 0.341802955283275 0.359375 0.04471361067790856 0.0828125
0 0.5246154552832751 0.359375 0.0858658693507266 0.128125
0 0.45593818061745683 0.353125 0.12983404535327187 0.146875
0 0.08028419995227494 0.3421875 0.030105670671545237 0.0359375
0 0.5731529526177749 0.35078125 0.038263616008908485 0.065625
0 0.13031147195259313 0.33984375 0.04618520401018138 0.075
0 0.3914671479551384 0.32109375 0.028543170671545326 0.0359375
0 0.74765625 0.27578125 0.2359375 0.3890625
0 0.4617523759548202 0.8015625 0.2967873773869975 0.3953125
0 0.7453125 0.64765625 0.23125 0.3359375