0 0.428125 0.1307157523376911 0.1953125 0.15738629488495218
0 0.3109375 0.30659647540671975 0.0234375 0.015761355386194255
0 0.82578125 0.4859375 0.01015625 0.03359375
0 0.0203125 0.9203125 0.040625 0.065625
0 0.0265625 0.54765625 0.053125 0.0453125
0 0.04765625 0.5296875 0.0953125 0.040625
0 0.0515625 0.6800703368430382 0.0765625 0.06294542759490121
0 0.06171875 0.98046875 0.0640625 0.0359375
0 0.0609375 0.8566873789975158 0.0625 0.0628636143631848
0 0.08046875 0.76484375 0.1609375 0.1171875
0 0.0859375 0.6224578247427898 0.08125 0.059847698672140126
0 0.1265625 0.9367566740788599 0.0828125 0.06610678903121965
0 0.1546875 0.5681703005422929 0.1296875 0.0991919998036083
0 0.16640625 0.98828125 0.1703125 0.0203125
0 0.165625 0.8776089330558502 0.06875 0.11289997579950324
0 0.278125 0.6048259389095827 0.1921875 0.127680614166793
0 0.2796875 0.8892100292686624 0.2015625 0.1589851563212708
0 0.3625 0.7896918182998821 0.078125 0.0738920179539809
0 0.371875 0.5375 0.16875 0.05625
0 0.41484375 0.971875 0.2578125 0.053125
0 0.49140625 0.5546875 0.0921875 0.090625
0 0.496875 0.8857860891807292 0.084375 0.12549087939029935
0 0.8375 0.85859375 0.25625 0.2796875