0 0.232063781269912 0.146875 0.17999767735518085 0.1609375
0 0.1653484485996394 0.771875 0.3133567120464523 0.3421875
0 0.8203125 0.896875 0.0390625 0.125
0 0.9328125 0.9015625 0.0328125 0.1
0 0.71328125 0.8578125 0.02265625 0.071875
0 0.69296875 0.84140625 0.0390625 0.12890625
0 0.60859375 0.80859375 0.046875 0.12890625
0 0.90703125 0.80625 0.0375 0.13828125
0 0.8359375 0.78203125 0.034375 0.115625
0 0.78515625 0.73984375 0.07421875 0.21953125
0 0.85859375 0.68125 0.04296875 0.153125
0 0.84140625 0.96875 0.01953125 0.0546875
0 0.67734375 0.53828125 0.05546875 0.1796875
0 0.77265625 0.95234375 0.0171875 0.0609375
0 0.94375 0.49765625 0.04453125 0.13046875
0 0.7515625 0.93359375 0.03359375 0.1078125