0 0.3578125 0.2828125 0.040625 0.165625
0 0.326354463502863 0.10275125351604145 0.02353749394987581 0.017323855386194253
0 0.3921875 0.475 0.025 0.05625
0 0.39609375 0.296875 0.0328125 0.059375
0 0.40234375 0.21328125 0.0453125 0.0671875
0 0.4 0.25625 0.040625 0.040625
0 0.4078125 0.06875 0.05625 0.06875
0 0.40859375 0.01015625 0.0578125 0.0203125
0 0.4140625 0.32109375 0.06875 0.0609375
0 0.4375 0.56953125 0.115625 0.0171875
0 0.4500197433607006 0.38684899756411306 0.10206246974937896 0.08652837334017516
0 0.46401004136891083 0.5086467295119362 0.12404655405833438 0.10540563836728971
0 0.6640625 0.965625 0.325 0.065625
0 0.50078125 0.78359375 0.2421875 0.2671875