0 0.08671875 0.04921875 0.1046875 0.0984375
0 0.43671875 0.08671875 0.2421875 0.1734375
0 0.25234375 0.74765625 0.3 0.19375
0 0.66015625 0.5125 0.01953125 0.07265625
0 0.9609375 0.47421875 0.03203125 0.12890625
0 0.671875 0.5328125 0.0328125 0.10625
0 0.82109375 0.5609375 0.03046875 0.1171875
0 0.6890625 0.6140625 0.03359375 0.115625
0 0.87421875 0.5953125 0.03515625 0.12578125
0 0.74921875 0.62109375 0.0375 0.12109375
0 0.9359375 0.41953125 0.0203125 0.01953125
0 0.97578125 0.6796875 0.03671875 0.14375
0 0.709375 0.790625 0.02734375 0.1140625
0 0.83359375 0.78125 0.03515625 0.1328125
0 0.69609375 0.83828125 0.034375 0.12734375
0 0.85390625 0.83984375 0.04140625 0.1375
0 0.6703125 0.9078125 0.03515625 0.146875
0 0.7375 0.46328125 0.0296875 0.09453125
0 0.81953125 0.45625 0.0328125 0.09375
0 0.87734375 0.45390625 0.03046875 0.0890625
0 0.7875 0.92890625 0.03984375 0.12109375
0 0.91171875 0.45390625 0.0328125 0.0890625