0 0.23125 0.08046875 0.0625 0.15390625
0 0.22890625 0.16171875 0.01875 0.0453125
0 0.221875 0.2609375 0.0109375 0.0375
0 0.1953125 0.528125 0.02734375 0.0765625
0 0.19375 0.2453125 0.04453125 0.1296875
0 0.18203125 0.446875 0.04921875 0.13984375
0 0.77265625 0.05546875 0.08671875 0.1015625
0 0.7453125 0.2609375 0.07265625 0.1296875
0 0.78046875 0.45078125 0.071875 0.10703125
0 0.82109375 0.69921875 0.07890625 0.121875
0 0.13203125 0.9046875 0.2640625 0.1875
0 0.759375 0.95859375 0.1875 0.0796875