0 0.0953125 0.6697916666666667 0.02734375 0.084375
0 0.10859375 0.31979166666666664 0.05390625 0.171875
0 0.128125 0.014583333333333334 0.03203125 0.029166666666666667
0 0.125 0.05625 0.0390625 0.1125
0 0.15546875 0.7875 0.12109375 0.11354166666666667
0 0.190625 0.21770833333333334 0.13671875 0.4
0 0.6436425540260897 0.22457284972418426 0.08989884134309048 0.09721511468278715
0 0.634960086728179 0.5726713297263053 0.09146134134309047 0.09723935646084764
0 0.6523577667488599 0.7755539119456996 0.09166133601209037 0.1201560231275143
0 0.6695703493793614 0.4200304354975784 0.09954656134627218 0.12861056535115065
0 0.6836215693427723 0.0603887759389119 0.09460452267663592 0.09937117335030224