0 0.2093770835233885 0.4817501453231423 0.13846357806243947 0.2500280962989769
0 0.5078125 0.596244131455399 0.0875 0.09859154929577464
0 0.9102123547970191 0.5378150359423463 0.0850022347764936 0.16270930237040276
0 0.7599850958200286 0.4804406501720451 0.09598518657189174 0.17454198971471419
0 0.4765625 0.3427230046948357 0.09375 0.20187793427230047
0 0.8824226563212708 0.22114579440898063 0.0960215480082102 0.18393166107621667
0 0.8258363130353249 0.1347829819047421 0.11323631908544911 0.19112414024973892
0 0.6515625 0.6314553990610329 0.0875 0.028169014084507043
0 0.1734375 0.9694835680751174 0.15625 0.056338028169014086
0 0.29921875 0.8004694835680751 0.2546875 0.3051643192488263
0 0.528125 0.789906103286385 0.15 0.284037558685446