0 0.12165735226293624 0.09481111035616396 0.0784886143631848 0.06295451795398091
0 0.1109243853422277 0.12990372784260665 0.03603749394987581 0.01739657825883123
0 0.10396637909571176 0.2767332760472086 0.050272710772388506 0.04716589149054773
0 0.09404699931262898 0.45166964353365124 0.031386355386194255 0.023619307181592396
0 0.09276980386194263 0.23213839353365123 0.04242384933607006 0.040870439695149675
0 0.08797374043383437 0.34773157727687254 0.05812157220870695 0.05346134328594587
0 0.08445681323171658 0.011784986917792945 0.029787493949875808 0.017360216822512743
0 0.05488398448190601 0.2998844297362006 0.05813975292686635 0.056586343285945875
0 0.0518130057555366 0.17487079419758117 0.0298693071815924 0.03142271682251274
0 0.042679942032840756 0.4849634116840239 0.056522710772388504 0.04720225292686635
0 0.13359375 0.7484375 0.2671875 0.24375
0 0.628125 0.78359375 0.48359375 0.12578125