0 0.4390625 0.30091968890958276 0.196875 0.14177038524403188
0 0.7375 0.4484375 0.296875 0.2
0 0.3125 0.7992026528052293 0.3625 0.29273396330647133
0 0.83046875 0.6807758814334028 0.04375 0.039317030054229284
0 0.79453125 0.7047855531745716 0.0625 0.058176114363184706
0 0.79453125 0.7891605531745716 0.078125 0.0645170179539809
0 0.7875 0.7453696465587133 0.0578125 0.039398843285945874
0 0.7859375 0.9328605561996337 0.0703125 0.06603406615858276
0 0.78671875 0.98984375 0.0640625 0.0171875
0 0.76796875 0.6811935170702181 0.0828125 0.058294289031219734
0 0.72109375 0.6176395562978296 0.1 0.08495678298109555