0 0.07109375 0.0671875 0.1421875 0.134375
0 0.36015625 0.11015625 0.0765625 0.2203125
0 0.85 0.1655093438892778 0.05625 0.07565452800763603
0 0.93828125 0.16760709854396022 0.0828125 0.09002611067790856
0 0.409375 0.0359375 0.01875 0.071875
0 0.61640625 0.03203125 0.0515625 0.0640625
0 0.43671875 0.054693306612047965 0.025 0.029978401336727113
0 0.68671875 0.047878043244776805 0.0171875 0.028324994668999893
0 0.5296875 0.069236517266094 0.075 0.08212270401018136
0 0.3484375 0.875 0.1 0.103125
0 0.128125 0.6642239426320925 0.10625 0.11373633068109026
0 0.575 0.6182370912635486 0.25625 0.28891923870145303