0 0.3595091706317744 0.11796875 0.21491811736154426 0.2078125
0 0.3640625 0.35234375 0.225 0.0703125
0 0.8513683119430482 0.15546875 0.0551965773392725 0.04375
0 0.85209611262732 0.02578125 0.025290901336727244 0.025
0 0.8302831052673667 0.221875 0.012609088001272717 0.009375
0 0.8267944785964577 0.253125 0.04580339600572696 0.0421875
0 0.8243421879376391 0.1953125 0.011028406667727354 0.0078125
0 0.8258421479551383 0.06640625 0.023601132001908987 0.0140625
0 0.8020666512571853 0.296875 0.053506808004454245 0.0328125
0 0.7234375 0.01484375 0.046875 0.0296875
0 0.16128984663431964 0.59453125 0.2957328600413618 0.3046875
0 0.73828125 0.91484375 0.1953125 0.1671875