0 0.11709768801718105 0.10147367993259233 0.0840306493475449 0.10516928903121973
0 0.3509096140197264 0.12158268861499517 0.09505905601527206 0.11304542154477706
0 0.4715402873567715 0.14962639626412572 0.09493178668045417 0.1021079215447771
0 0.056469270687453575 0.12768165592848724 0.08566587468172653 0.11142837939029934
0 0.40975845003181666 0.21098153190094102 0.07917951734563573 0.0910795179539809
0 0.15707889270368014 0.24779014373004293 0.12521927068745348 0.1538431383672898
0 0.2580510467059073 0.2647827218906783 0.09037155601527189 0.11301815046753827
0 0.3983584207113161 0.30544005902830407 0.08397610534690862 0.10048178903121974
0 0.01328125 0.30859375 0.0265625 0.1140625
0 0.9050613120225899 0.14593220705995538 0.1729124306969986 0.22442834913967835
0 0.2953125 0.67890625 0.24921875 0.16015625
0 0.8453125 0.61796875 0.30625 0.3578125