0 0.090625 0.1 0.01640625 0.05078125
0 0.04375 0.103125 0.02734375 0.0984375
0 0.18984375 0.140625 0.02890625 0.1140625
0 0.2765625 0.14921875 0.03203125 0.12109375
0 0.32109375 0.17265625 0.0328125 0.109375
0 0.16796875 0.175 0.02890625 0.12109375
0 0.01484375 0.18828125 0.0234375 0.12109375
0 0.29921875 0.2453125 0.02734375 0.0984375
0 0.05078125 0.24296875 0.02109375 0.0703125
0 0.1390625 0.28046875 0.02734375 0.096875
0 0.20703125 0.303125 0.04296875 0.165625
0 0.24453125 0.31640625 0.03046875 0.1234375
0 0.29609375 0.35234375 0.02890625 0.109375
0 0.05078125 0.34609375 0.053125 0.1796875
0 0.14375 0.38359375 0.0296875 0.12109375
0 0.11171875 0.08125 0.02578125 0.08984375
0 0.66328125 0.246875 0.2453125 0.134375
0 0.4859375 0.82890625 0.234375 0.3078125