0 0.2 0.3875 0.125 0.08125
0 0.21796875 0.11484375 0.1359375 0.1328125
0 0.2625 0.21328125 0.034375 0.0265625
0 0.2640625 0.25390625 0.03125 0.025
0 0.27578125 0.325 0.0453125 0.0421875
0 0.30234375 0.19609375 0.0265625 0.0234375
0 0.765625 0.2015625 0.3109375 0.246875
0 0.35703125 0.92890625 0.053125 0.0375
0 0.34609375 0.69765625 0.2234375 0.2671875
0 0.72578125 0.4640625 0.1765625 0.06875
0 0.72421875 0.49921875 0.0515625 0.0359375
0 0.73359375 0.5796875 0.0296875 0.0296875
0 0.78203125 0.79765625 0.075 0.0609375
0 0.8140625 0.57578125 0.121875 0.103125
0 0.82734375 0.7375 0.1359375 0.1109375