0 0.0847755366804539 0.05084871606458794 0.0395715773392725 0.044204533338636096
0 0.10941245735199914 0.08706802673454232 0.058539753341817755 0.0631727093411815
0 0.19378745735199915 0.08804981874599634 0.06497156667727229 0.07887043467536321
0 0.15011927335295364 0.09457199140672387 0.039735209341181486 0.05826703333863614
0 0.3376374546864991 0.09831625143217729 0.06644316000954512 0.07107611600890866
0 0.4173249546864991 0.09924349944299496 0.05852157200827222 0.06161020934118144
0 0.08628404002227175 0.11335780673136067 0.058776110677908736 0.08348520934118149
0 0.55859375 0.11875 0.0578125 0.078125
0 0.03359375 0.159375 0.0671875 0.103125
0 0.5179783880092268 0.022300286123448875 0.01900453866963616 0.022093176002545345
0 0.8922993247135433 0.2358953307208611 0.05852157200827239 0.061610209341181485
0 0.196875 0.83203125 0.3140625 0.18359375
0 0.8640625 0.8984375 0.26875 0.2