0 0.21796875 0.32890625 0.19375 0.4515625
0 0.9859375 0.4 0.025 0.09375
0 0.9204796298812787 0.0958916785768599 0.02041249394987581 0.01730567466803503
0 0.9169728347999347 0.16153485929501912 0.01414431323171641 0.014144313231716587
0 0.36933931069763376 0.825474118566597 0.04397725897699054 0.039317030054229284
0 0.3390625 0.6796875 0.075 0.040625
0 0.33326091013189973 0.8499019468254284 0.06283634328594587 0.058176114363184706
0 0.3327700307416004 0.9342769468254284 0.07849770472226432 0.0645170179539809
0 0.32599331079582966 0.8905678534412867 0.05803975897699054 0.039398843285945874
0 0.30683476551809397 0.8266189829297819 0.08314884328594588 0.058294289031219734
0 0.2603279250608185 0.7636104437021703 0.10049087939029935 0.08495678298109555
0 0.24140625 0.67734375 0.1234375 0.0359375
0 0.86171875 0.75234375 0.2734375 0.1859375