0 0.19683644796309263 0.2609375 0.13964539735836254 0.184375
0 0.80625 0.3296875 0.384375 0.1375
0 0.02146099391314036 0.88515625 0.012736357336090775 0.0203125
0 0.3083530139242762 0.803125 0.17276698002863505 0.2109375
0 0.5234375 0.653125 0.109375 0.18125
0 0.49296875 0.86875 0.0484375 0.153125
0 0.5928461925923216 0.90390625 0.13457608935390813 0.1515625
0 0.6972813432925019 0.65703125 0.15830449069063518 0.1765625
0 0.782527952617775 0.71640625 0.13312267735518085 0.1609375
0 0.8429734619271396 0.89296875 0.11255563868554468 0.1390625
0 0.9195086899268216 0.8953125 0.09811133068109026 0.10625
0 0.9421875 0.6640625 0.1125 0.1625
0 0.97578125 0.903125 0.0453125 0.1125