0 0.30546875 0.0671875 0.0109375 0.046875
0 0.5578125 0.08767063329912424 0.0796875 0.10358860831306052
0 0.7921875 0.08083832943718158 0.0890625 0.10989315046753818
0 0.91484375 0.09496848624943159 0.090625 0.09896474082661784
0 0.49921875 0.12082402176460989 0.0796875 0.10983860831306051
0 0.859375 0.16247869399675802 0.075 0.08949883723582168
0 0.4265625 0.21968422346181216 0.0765625 0.0879454275949012
0 0.6109375 0.22876781109041722 0.11875 0.14912836729005097
0 0.71328125 0.23442239257070224 0.084375 0.11142837939029934
0 0.85625 0.25780937471491727 0.0796875 0.09890110831306043
0 0.44375 0.30942797951193635 0.08125 0.10984769867214013
0 0.34375 0.04594726249303187 0.071875 0.08166815651766242
0 0.04765625 0.5361955334720749 0.084375 0.07705337939029935
0 0.22109375 0.5320615036142373 0.05 0.053415891490547776
0 0.659375 0.728125 0.278125 0.1703125