0 0.2453125 0.30859375 0.08984375 0.15390625
0 0.8296875 0.34921875 0.06171875 0.11484375
0 0.771875 0.24609375 0.02734375 0.03671875
0 0.74296875 0.20390625 0.015625 0.028125
0 0.75546875 0.578125 0.0140625 0.03984375
0 0.7375 0.1671875 0.02578125 0.05390625
0 0.73515625 0.2328125 0.01640625 0.03515625
0 0.67265625 0.19609375 0.06015625 0.13359375
0 0.6546875 0.11328125 0.06015625 0.125
0 0.61640625 0.05390625 0.03359375 0.0609375
0 0.12093116529826116 0.8074987054025877 0.05033634328594587 0.058394302673454225
0 0.7421875 0.66328125 0.234375 0.0890625